+0.239 049 430 7
+0.301 364 071 8
+0.098 334 123 20
−0.229 341 236 5

−0.050 424 322 27
+0.017 748 037 02
+0.039 204 109 10
−0.013 244 042 30

+0.015 197 607 20
−0.013 849 654 13
+1.334 755 917 ×10 −3
+7.604 327 249 × 10 −3

−0.010 195 771 05
+8.798 988 664 × 10 −3
−5.576 767 192 × 10 −3
+2.318 690 261 × 10 −3

+0.022 768 548 66
−0.021 415 050 98
+0.021 195 589 66
−0.022 023 012 29

+0.031 0
+0.032 2
+0.031 815 511 25
−0.036 6
−0.037 80
−0.037 875 081 35
+0.045 1
+0.046 3
+0.046 983 841 60
−0.057 6
−0.058 8
−0.060 326 097 09

0.047
8



+0.020 83
+0.020 982
+0.020 973 693 43
−0.026 25
−0.026 44
−0.026 483 325 18
+0.034 5
+0.034 71
+0.034 835 667 14
−0.046 86
−0.047 16
−0.047 394 686 09 0

0.008 5
8


+0.010 165
+0.010 196
+0.010 190 170 60
−0.012 85
−0.012 883
−0.012 882 810 25
+0.016 94
+0.016 991
+0.016 998 429 37
−0.023 15
−0.023 215
−0.023 232 262 53 0

0.003 25
8



+4.219 × 10 −3
+4.222 5 × 10 −3
+4.222 773 149 × 10 −3
−5.197 × 10 −3
−5.201 2 × 10 −3
−5.202 299 404 × 10 −3
+6.701 × 10 −3
+6.707 × 10 −3
+6.708 746 298 × 10 −3
−8.973 × 10 −3
−8.980 × 10 −3
−8.983 225 704 × 10 −3

0.000 924
7



+1.599 1 × 10 −3
+1.599 49 × 10 −3
+1.599 635 591 × 10 −3
−1.893 5 × 10 −3
−1.894 0 × 10 −3
−1.894 245 463 × 10 −3
+2.355 7 × 10 −3
+2.356 3 × 10 −3
+2.356 666 276 × 10 −3
−3.052 6 × 10 −3
−3.053 4 × 10 −3
−3.053 853 001 × 10 −3


0.000 29
6



