+0.032 58
+0.032 67
+0.032 700 584 60

−0.047 02
−0.047 14
−0.047 190 578

+0.069 3
+0.069 50
+0.069 574 8

−0.104 1
−0.104 39
−0.104 499



+0.012 399
+0.012 409
+0.012 413 892 18

−0.017 60
−0.017 613
−0.017 619 937 78

+0.025 56
+0.025 582
+0.025 591 147 5

−0.037 88
−0.037 906
−0.037 918 635



+0.057 11
+0.057 161
+0.057 177 34

−0.087 47
−0.087 54
−0.087 562 90

+0.135 82
+0.135 93
+0.135 957 7

−0.213 5
−0.213 69
−0.213 724



+4.093 1 × 10 −3
+4.094 3 × 10 −3
+4.094 811 210 × 10 −3

−5.650 × 10 −3
−5.651 8 × 10 −3
−5.652 506 747 × 10 −3

+7.997 × 10 −3
+7.999 6 × 10 −3
+8.000 503 367 × 10 −3

−0.011 569
−0.011 572 1
−0.011 573 166 09



+0.017 059
+0.017 063 3
+0.017 064 514 4

−0.025 583
−0.025 589 8
−0.025 591 150

+0.038 950
+0.038 960 7
+0.038 962 13

−0.060 11
−0.060 127 2
−0.060 128 3



