# probability of generating biconnected diagrams from a linear chain
# generated by prog/bcstat.c
#D n = 2          n = 3          n = 4          n = 5          n = 6          n = 7          n = 8          n = 9          n = 10         n = 11         n = 12         n = 13         n = 14         n = 15         n = 16     n = 17     n = 18     n = 19     n = 20     n = 21     n = 22     n = 23     n = 24     n = 25     n = 26     n = 27     n = 28     n = 29     n = 30     n = 31
 2 1              0.58669455     0.54971907     0.52160674     0.50165223     0.48643984     0.47407025     0.46371574     0.45490064     0.44726610     0.44042105     0.43425374     0.42870283     0.42356353     0.41882994 0.41450613 0.41050593 0.40683600 0.40327283 0.39991991 0.39681920 0.39390422 0.39110450 0.38843914 0.38590433 0.38346860 0.38113450 0.37902333 0.37705250 0.37514600
 3 1              0.46880386     0.40157850     0.35879067     0.32777492     0.30394204     0.28473787     0.26873109     0.25516036     0.24333876     0.23284420     0.22353142     0.21522294     0.20771541     0.20083888 0.19454787 0.18875086 0.18340592 0.17840267 0.17373236 0.16930820 0.16517078 0.16132062 0.15768143 0.15426500 0.15102680 0.14801075 0.14518500 0.14245850 0.13975300
 4 1              0.37973608     0.29378510     0.24363695     0.20867062     0.18269570     0.16245536     0.14615151     0.13270380     0.12142490     0.11177293     0.10344820     0.09615174     0.08972839     0.08401005 0.07892973 0.07434897 0.07023925 0.06648400 0.06306331 0.05993730 0.05707571 0.05445925 0.05199426 0.04967827 0.04759648 0.04561280 0.04374640 0.04206540 0.04045400
 5 1              0.31053979     0.21548221     0.16410426     0.13056677     0.10702048     0.08954579     0.07617230     0.06557618     0.05701124     0.05008640     0.04428784     0.03941617     0.03531429     0.03179312 0.02879860 0.02614157 0.02387754 0.02185058 0.02009000 0.01850780 0.01707411 0.01576113 0.01463271 0.01358283 0.01264540 0.01179750 0.01107100 0.01042100 0.00974300
 6 1              0.25569106     0.15823966     0.11001155     0.08069916     0.06142907     0.04802861     0.03836249     0.03113607     0.02564411     0.02138299     0.01799612     0.01528282     0.01308578     0.01128819 0.00979283 0.00855632 0.00752940 0.00664354 0.00588864 0.00523863 0.00468814 0.00420081 0.00379632 0.00342917 0.00309650 0.00281450 0.00256050 0.00231037 0.00211725
 7 1              0.21171486     0.11659738     0.07361473     0.04956625     0.03488162     0.02537922     0.01895588     0.01445530     0.01121815     0.00884706     0.00706954     0.00569794     0.00464903     0.00382834 0.00318762 0.00266521 0.00225538 0.00191413 0.00163214 0.00140120 0.00121244 0.00105375 0.00092286 0.00081254 0.00071520 0.00063206 0.00056542 0.00052012 0.00045725
 8 1              0.17596798     0.08603755     0.04916395     0.03028569     0.01964436     0.01324729     0.00922327     0.00658590     0.00480511     0.00357599     0.00270389     0.00207029     0.00161599     0.00127367 0.00101222 0.00081205 0.00065681 0.00053662 0.00044123 0.00037118 0.00030939 0.00025956 0.00021757 0.00018979 0.00015855 0.00013906 0.00011842 0.00010287 0.00009325
 9 1              0.14682478     0.06358946     0.03278396     0.01842068     0.01098932     0.00685465     0.00444060     0.00296910     0.00203454     0.00142702     0.00102818     0.00075032     0.00055671     0.00041798 0.00031802 0.00024545 0.00019252 0.00015208 0.00012214 0.00009980 0.00007947 0.00006278 0.00005314 0.00004642 0.00003905 0.00003419 0.00002700 0.00002250 0.00001875
10 1              0.12284254     0.04709307     0.02187535     0.01119206     0.00613337     0.00354335     0.00213905     0.00134307     0.00086426     0.00057289     0.00038995     0.00026992     0.00018981     0.00013809 0.00010002 0.00007523 0.00005713 0.00004348 0.00003434 0.00002785 0.00002092 0.00001678 0.00001357 0.00001200 0.00000945 0.00000812 0.00000683 0.00000513 0.00000400
11 1              0.10300851     0.03492628     0.01460076     0.00678365     0.00341324     0.00182197     0.00102203     0.00059919     0.00036779     0.00023049     0.00015053     0.00009878     0.00006616     0.00004697 0.00003320 0.00002399 0.00001800 0.00001278 0.00001005 0.00000764 0.00000562 0.00000452 0.00000377 0.00000343 0.00000216 0.00000155 0.00000140 0.00000080 0.00000080
12 1              0.08655569     0.02593132     0.00973063     0.00410977     0.00189642     0.00093680     0.00049289     0.00027106     0.00015520     0.00009147     0.00005560     0.00003689     0.00002313     0.00001589 0.00001089 0.00000719 0.00000523 0.00000388 0.00000296 0.00000234 0.00000167 0.00000128 0.00000074 0.00000063 0.00000088 0.00000080 0.00000053 0.00000030 0.00000000
13 1              0.07289633     0.01928632     0.00649659     0.00249628     0.00105516     0.00048308     0.00023645     0.00012131     0.00006553     0.00003753     0.00002173     0.00001379     0.00000866     0.00000573 0.00000357 0.00000227 0.00000177 0.00000135 0.00000064 0.00000046 0.00000060 0.00000028 0.00000029 0.00000013 0.00000016 0.00000010 0.00000013 0.00000010 0.00000000
14 1              0.06147647     0.01436544     0.00434849     0.00151240     0.00058842     0.00024944     0.00011462     0.00005607     0.00002896     0.00001528     0.00000881     0.00000506     0.00000320     0.00000204 0.00000120 0.00000087 0.00000048 0.00000030 0.00000024 0.00000012 0.00000013 0.00000005 0.00000006 0.00000013 0.00000012 0.00000005 0.00000007 0.00000000 0.00000000
15 1              0.05187941     0.01071469     0.00291007     0.00092217     0.00033021     0.00012823     0.00005531     0.00002513     0.00001197     0.00000628     0.00000385     0.00000194     0.00000107     0.00000073 0.00000053 0.00000021 0.00000028 0.00000010 0.00000009 0.00000010 0.00000009 0.00000005 0.00000011 0.00000003 0.00000000 0.00000000 0.00000000 0.00000000 0.00000000
16 1              0.04389084     0.00799411     0.00194461     0.00055750     0.00018403     0.00006585     0.00002683     0.00001152     0.00000535     0.00000271     0.00000145     0.00000080     0.00000052     0.00000025 0.00000013 0.00000010 0.00000014 0.00000002 0.00000005 0.00000010 0.00000004 0.00000005 0.00000000 0.00000003 0.00000000 0.00000000 0.00000000 0.00000010 0.00000000
17 1              0.03716822     0.00598006     0.00130533     0.00034185     0.00010262     0.00003490     0.00001333     0.00000570     0.00000227     0.00000116     0.00000060     0.00000034     0.00000019     0.00000008 0.00000003 0.00000003 0.00000000 0.00000000 0.00000001 0.00000001 0.00000002 0.00000002 0.00000001 0.00000000 0.00000000 0.00000000 0.00000000 0.00000000 0.00000000
18 1              0.03148247     0.00447297     0.00087861     0.00020915     0.00005840     0.00001850     0.00000638     0.00000267     0.00000107     0.00000059     0.00000025     0.00000012     0.00000006     0.00000005 0.00000001 0.00000001 0.00000000 0.00000001 0.00000000 0.00000000 0.00000000 0.00000000 0.00000001 0.00000002 0.00000002 0.00000002 0.00000000 0.00000000 0.00000000
19 1              0.02670419     0.00334599     0.00058696     0.00012713     0.00003348     0.00001015     0.00000345     0.00000122     0.00000051     0.00000024     0.00000009     0.00000007     0.00000008     0.00000002 0.00000002 0.00000001 0.00000001 0.00000000 0.00000001 0.00000000 0.00000000 0.00000000 0.00000000 0.00000000 0.00000000 0.00000000 0.00000000 0.00000000 0.00000000
20 1              0.02266783     0.00250626     0.00039685     0.00007842     0.00001868     0.00000532     0.00000169     0.00000061     0.00000021     0.00000008     0.00000006     0.00000002     0.00000002     0.00000000 0.00000000 0.00000000 0.00000000 0.00000000 0.00000000 0.00000000 0.00000000 0.00000000 0.00000000 0.00000000 0.00000000 0.00000000 0.00000000 0.00000000 0.00000000
25 1              0.010105555556 0.000599894118 0.000055381250 0.000006786667 0.000001092857 0.000000200000 0.000000058333 0.000000000000 0.000000000000 0.000000000000 0.000000000000 0.000000000000 0.000000000000 0.000000000000 0.000000000000 0.000000000000 0.000000000000 0.000000000000
30 1              0.004572766154 0.000146020833 0.000007932727 0.000000650000 0.000000070000 0.000000013750 0.000000000000 0.000000001667 0.000000000000 0.000000000000 0.000000000000 0.000000000000 0.000000000000
35 1              0.002084136250 0.000035997143 0.000001153333 0.000000056000 0.000000002500 0.000000000000 0.000000000000 0.000000000000
40 1              0.000959335000 0.000009016667 0.000000155000 0.000000000000
45 1              0.000445365000 0.000002216667 0.000000025000 0.000000000000
50 1              0.000207800000 0.000000333333 0.000000000000 0.000000000000

