D	n=1	n=2	n=3	n=4	n=5	n=6	n=7	n=8	n=9	n=10	n=11	n=12	n=13	n=14	n=15	n=16	n=17	n=18	n=19	n=20	n=21	n=22	n=23	n=24	n=25	n=26	n=27	n=28	n=29	n=30	n=31	n=32	n=33	n=34	n=35	n=36	n=37	n=38	n=39	n=40	n=41	n=42	n=43	n=44	n=45	n=46	n=47	n=48	n=49	n=50	n=51	n=52	n=53	n=54	n=55	n=56	n=57	n=58	n=59	n=60	n=61	n=62	n=63
2	1	1	+0.782004437912	+0.53223156(15)	+0.3335562(7)	+0.1988447(7)	+0.1148747(10)	+0.0649916(23)	+0.0362229(29)	+0.019952(6)	+0.010933(19)	+5.86(5)x10^-3	+3.16(16)x10^-3	+1.64(18)x10^-3
3	1	1	+0.625	+0.28694951(19)	+0.11025161(13)	+0.03888188(23)	+0.01302331(28)	+4.1830(5)x10^-3	+1.3093(11)x10^-3	+4.041(14)x10^-4	+1.241(19)x10^-4	+3.77(32)x10^-5
4	1	1	+0.506339990201	+0.15184606(16)	+0.03570438(12)	+7.73280(16)x10^-3	+1.43077(20)x10^-3	+2.9051(29)x10^-4	+4.57(6)x10^-5	+1.01(8)x10^-5	+1.01(37)x10^-6	+2.2(26)x10^-6
5	1	1	+0.4140625	+0.07597238(19)	+0.01295219(16)	+9.8184(19)x10^-4	+4.1645(21)x10^-4	-1.1267(43)x10^-4	+7.886(45)x10^-5	-4.68(10)x10^-5	+3.13(10)x10^-5	-2.34(20)x10^-5
6	1	1	+0.340941321574	+0.03336310(18)	+7.52384(18)x10^-3	-1.74015(21)x10^-3	+1.30523(30)x10^-3	-8.9254(27)x10^-4	+6.6920(38)x10^-4	-5.294(10)x10^-4	+4.382(21)x10^-4	-3.766(43)x10^-4	+3.19(13)x10^-4	-2.97(17)x10^-4	+2.67(47)x10^-4	-2.6(7)x10^-4
7	1	1	+0.2822265625	+9.86484(16)x10^-3	+7.07178(15)x10^-3	-3.51139(16)x10^-3	+2.53868(17)x10^-3	-1.99410(32)x10^-3	+1.69032(31)x10^-3	-1.5178(5)x10^-3	+1.4261(8)x10^-3	-1.3877(9)x10^-3	+1.3888(16)x10^-3	-1.4363(36)x10^-3	+1.508(8)x10^-3	-1.631(15)x10^-3	+1.84(5)x10^-3	-1.94(12)x10^-3	+2.57(23)x10^-3	-2.29(34)x10^-3
8	1	1	+0.234613606028	-2.55784(15)x10^-3	+7.43187(14)x10^-3	-4.51452(7)x10^-3	+3.41415(7)x10^-3	-2.86716(11)x10^-3	+2.60397(16)x10^-3	-2.51041(38)x10^-3	+2.5367(6)x10^-3	-2.6592(10)x10^-3	+2.8773(13)x10^-3	-3.1924(21)x10^-3	+3.6299(42)x10^-3	-4.202(8)x10^-3	+4.950(11)x10^-3	-5.896(21)x10^-3	+7.18(12)x10^-3	-8.72(23)x10^-3	+0.01028(49)	-0.0115(9)	+0.0156(18)	-0.0202(45)
9	1	1	+0.195709228516	-8.58063(39)x10^-3	+7.44245(33)x10^-3	-4.79144(25)x10^-3	+3.71457(37)x10^-3	-3.22292(43)x10^-3	+3.0368(18)x10^-3	-3.0433(25)x10^-3	+3.1893(39)x10^-3	-3.498(5)x10^-3	+3.938(9)x10^-3	-4.590(13)x10^-3	+5.433(13)x10^-3	-6.509(22)x10^-3	+8.073(45)x10^-3	-0.01018(7)	+0.01277(8)	-0.01653(19)
10	1	1	+0.163728462331	-0.01096173(25)	+6.97418(25)x10^-3	-4.52939(25)x10^-3	+3.52839(25)x10^-3	-3.09277(34)x10^-3	+2.9514(45)x10^-3	-3.0029(32)x10^-3	+3.2144(48)x10^-3	-3.598(10)x10^-3	+4.139(11)x10^-3	-4.941(14)x10^-3	+5.993(29)x10^-3	-7.450(28)x10^-3	+9.40(6)x10^-3	-0.01220(7)	+0.01585(15)	-0.02093(14)	+0.02772(30)	-0.03802(41)	+0.0510(7)	-0.0713(7)	+0.0993(11)	-0.1382(29)	+0.1984(35)	-0.269(8)	+0.383(10)	-0.574(15)	+0.797(23)	-1.16(6)
11	1	1	+0.1373100280761720138(36)	-0.01133697(22)	+6.18162(12)x10^-3	-3.95838(16)x10^-3	+3.05132(12)x10^-3	-2.66034(14)x10^-3	+2.5239(6)x10^-3	-2.5758(9)x10^-3	+2.7627(7)x10^-3	-3.0750(13)x10^-3	+3.5698(11)x10^-3	-4.2337(22)x10^-3	+5.2035(40)x10^-3	-6.555(5)x10^-3	+8.495(8)x10^-3	-0.010818(12)	+0.014380(15)	-0.019265(26)	+0.02354(7)	-0.03195(16)	+0.04834(26)	-0.0672(6)	+0.0952(9)	-0.1341(12)	+0.1909(20)	-0.2733(45)	+0.3999(44)	-0.574(9)	+0.841(16)	-1.270(27)
12	1	1	+0.115397682537920002(8)	-0.01067015(20)	+5.24836(13)x10^-3	-3.26859(9)x10^-3	+2.46515(9)x10^-3	-2.11264(14)x10^-3	+1.9853(10)x10^-3	-2.0011(8)x10^-3	+2.1318(16)x10^-3	-2.3774(25)x10^-3	+2.7537(25)x10^-3	-3.2855(36)x10^-3	+4.0177(41)x10^-3	-5.052(6)x10^-3	+6.477(8)x10^-3	-8.443(15)x10^-3	+0.011197(16)	-0.015074(14)	+0.020548(25)	-0.028327(36)	+0.03952(7)	-0.05573(13)	+0.07878(17)	-0.11333(20)	+0.16384(31)	-0.2385(6)	+0.3469(9)	-0.5150(12)	+0.7635(21)	-1.1351(43)	+1.699(6)	-2.564(8)	+3.901(19)	-5.932(18)	+8.976(43)	-13.92(8)	+21.23(9)	-33.02(19)	+51.52(49)	-79.7(6)	+123.2(10)	-191.6(12)	+302.5(26)	-480.9(37)	+739(6)	-1.165(10)x10^3	+1.860(23)x10^3	-2.998(38)x10^3	+4.74(7)x10^3	-7.66(13)x10^3	+1.205(16)x10^4	-1.873(43)x10^4	+3.17(5)x10^4	-4.94(9)x10^4	+7.98(14)x10^4	-1.273(31)x10^5	+2.11(7)x10^5	-3.43(13)x10^5	+5.75(18)x10^5	-9.11(26)x10^5	+1.496(46)x10^6	-2.36(13)x10^6
13	1	1	+0.097160577774047893(7)	-9.5226(17)x10^-3	+4.3119(7)x10^-3	-2.5869(7)x10^-3	+1.8922(6)x10^-3	-1.5797(6)x10^-3	+1.4505(11)x10^-3	-1.4344(7)x10^-3	+1.5053(11)x10^-3	-1.6523(12)x10^-3	+1.8847(19)x10^-3	-2.2262(18)x10^-3	+2.7057(24)x10^-3	-3.3714(31)x10^-3	+4.2858(43)x10^-3	-5.563(7)x10^-3	+7.351(7)x10^-3	-9.848(8)x10^-3	+0.013410(13)	-0.018456(19)	+0.025735(31)	-0.03623(5)	+0.05165(6)	-0.07393(11)	+0.10711(15)	-0.15682(26)	+0.23007(32)	-0.34083(48)	+0.5068(8)	-0.7569(19)	+1.1473(20)	-1.7326(37)	+2.639(6)	-4.050(11)	+6.245(18)	-9.625(23)	+14.795(49)	-23.08(6)	+36.10(12)	-56.59(21)	+89.41(20)	-140.6(6)	+223.6(9)	-353.8(17)	+567.5(33)	-904.6(36)	+1.452(8)x10^3	-2.329(12)x10^3	+3.703(24)x10^3	-6.017(49)x10^3	+9.71(8)x10^3	-1.580(8)x10^4	+2.561(22)x10^4	-4.146(39)x10^4	+6.77(7)x10^4	-1.094(13)x10^5	+1.831(25)x10^5	-2.946(24)x10^5	+4.80(5)x10^5	-7.92(10)x10^5	+1.320(14)x10^6	-2.195(27)x10^6
14	1	1	+0.0819379119116724203(21)	-8.22124(13)x10^-3	+3.45106(8)x10^-3	-1.98076(6)x10^-3	+1.394393(43)x10^-3	-1.126361(49)x10^-3	+1.00479(43)x10^-3	-9.690(5)x10^-4	+9.924(6)x10^-4	-1.0658(7)x10^-3	+1.1945(5)x10^-3	-1.3876(10)x10^-3	+1.6611(16)x10^-3	-2.0426(15)x10^-3	+2.5658(19)x10^-3	-3.2907(31)x10^-3	+4.3098(38)x10^-3	-5.727(5)x10^-3	+7.741(7)x10^-3	-0.010577(11)	+0.014672(14)	-0.020562(18)	+0.029130(33)	-0.041673(43)	+0.06026(7)	-0.08780(10)	+0.12907(16)	-0.19085(20)	+0.28496(33)	-0.4266(7)	+0.6443(9)	-0.9757(15)	+1.4856(20)	-2.2782(33)	+3.5188(40)	-5.431(8)	+8.483(16)	-13.204(23)	+20.777(45)	-32.69(7)	+51.66(12)	-82.00(20)	+130.07(24)	-208.9(6)	+334.6(8)	-536.4(15)	+864.0(22)	-1.3931(39)x10^3	+2.257(7)x10^3	-3.702(13)x10^3	+5.961(18)x10^3	-9.685(32)x10^3	+1.586(6)x10^4	-2.590(11)x10^4	+4.284(19)x10^4	-7.004(32)x10^4	+1.154(7)x10^5	-1.920(8)x10^5	+3.177(18)x10^5	-5.289(29)x10^5	+8.661(48)x10^5	-1.448(11)x10^6	+2.397(21)x10^6	-4.141(49)x10^6	+6.72(8)x10^6	-1.133(13)x10^7	+1.918(23)x10^7	-3.244(48)x10^7	+5.35(7)x10^7	-8.93(16)x10^7	+1.498(28)x10^8	-2.594(33)x10^8	+4.24(9)x10^8	-7.24(16)x10^8	+1.243(25)x10^9	-2.130(27)x10^9	+3.55(7)x10^9	-6.10(18)x10^9	+9.91(24)x10^9	-1.74(5)x10^10	+2.96(12)x10^10	-4.83(10)x10^10	+8.79(30)x10^10	-1.514(46)x10^11	+2.57(8)x10^11	-4.20(14)x10^11	+7.60(27)x10^11	-1.303(48)x10^12	+2.16(6)x10^12	-3.83(13)x10^12	+6.75(28)x10^12	-1.21(6)x10^13	+1.87(13)x10^13	-3.19(27)x10^13
15	1	1	+0.0691993534565	-6.93430(8)x10^-3	+2.707079(41)x10^-3	-1.477629(29)x10^-3	+9.95922(26)x10^-4	-7.73829(27)x10^-4	+6.6690(17)x10^-4	-6.2258(17)x10^-4	+6.1952(18)x10^-4	-6.4932(19)x10^-4	+7.1094(19)x10^-4	-8.0804(25)x10^-4	+9.4782(27)x10^-4	-1.14378(37)x10^-3	+1.41509(26)x10^-3	-1.7892(6)x10^-3	+2.3100(8)x10^-3	-3.0342(10)x10^-3	+4.0514(14)x10^-3	-5.4866(20)x10^-3	+7.5351(26)x10^-3	-0.0104744(38)	+0.014735(6)	-0.020951(10)	+0.030095(13)	-0.043605(18)	+0.063719(31)	-0.093864(44)	+0.13932(7)	-0.20849(8)	+0.31374(17)	-0.47523(24)	+0.72404(36)	-1.1099(7)	+1.7083(10)	-2.6448(14)	+4.1157(22)	-6.4328(49)	+10.099(8)	-15.926(13)	+25.204(16)	-40.053(29)	+63.75(6)	-101.91(9)	+163.94(14)	-263.94(18)	+426.65(48)	-690.68(39)	+1.1215(8)x10^3	-1.8310(16)x10^3	+2.9927(38)x10^3	-4.903(6)x10^3	+8.032(9)x10^3	-1.3216(18)x10^4	+2.1792(24)x10^4	-3.6045(26)x10^4	+5.974(8)x10^4	-9.930(10)x10^4	+1.6485(23)x10^5	-2.7492(46)x10^5	+4.586(11)x10^5	-7.679(21)x10^5	+1.293(11)x10^6	-2.131(15)x10^6	+3.676(23)x10^6	-6.14(5)x10^6	+1.036(7)x10^7	-1.718(15)x10^7	+2.983(25)x10^7	-5.000(46)x10^7	+8.43(5)x10^7	-1.422(11)x10^8	+2.466(19)x10^8	-4.136(44)x10^8	+7.06(7)x10^8	-1.194(13)x10^9	+2.075(25)x10^9	-3.564(31)x10^9	+5.91(5)x10^9	-1.027(19)x10^10	+1.782(29)x10^10	-3.038(39)x10^10	+5.413(49)x10^10	-9.12(16)x10^10	+1.575(19)x10^11	-2.713(38)x10^11	+4.59(8)x10^11	-7.95(15)x10^11	+1.402(20)x10^12	-2.48(5)x10^12	+4.12(8)x10^12	-7.28(12)x10^12	+1.292(23)x10^13	-2.176(47)x10^13	+3.84(5)x10^13	-6.57(16)x10^13	+1.142(33)x10^14	-1.994(45)x10^14	+3.41(8)x10^14	-5.87(23)x10^14	+1.077(28)x10^15	-1.93(5)x10^15	+3.39(9)x10^15	-6.00(15)x10^15	+1.020(27)x10^16	-1.81(5)x10^16	+3.19(11)x10^16	-5.62(16)x10^16	+9.49(26)x10^16	-1.74(6)x10^17	+2.98(12)x10^17	-5.13(26)x10^17	+8.83(37)x10^17	-1.67(8)x10^18	+2.82(14)x10^18	-4.89(27)x10^18	+8.77(44)x10^18	-1.42(9)x10^19	+2.83(15)x10^19	-4.67(30)x10^19	+9.1(5)x10^19	-1.47(10)x10^20	+2.57(18)x10^20	-4.06(34)x10^20	+7.8(7)x10^20	-1.77(15)x10^21
16	1	1	+0.0585160724733	-5.75247(6)x10^-3	+2.088673(35)x10^-3	-1.079303(24)x10^-3	+6.93168(14)x10^-4	-5.15769(18)x10^-4	+4.2701(46)x10^-4	-3.8499(33)x10^-4	+3.6991(33)x10^-4	-3.7657(39)x10^-4	+4.0197(42)x10^-4	-4.4527(45)x10^-4	+5.106(8)x10^-4	-6.040(8)x10^-4	+7.330(7)x10^-4	-9.112(9)x10^-4	+1.1550(11)x10^-3	-1.4925(21)x10^-3	+1.9685(27)x10^-3	-2.6295(30)x10^-3	+3.578(5)x10^-3	-4.908(6)x10^-3	+6.843(9)x10^-3	-9.634(11)x10^-3	+0.013742(23)	-0.019699(27)	+0.028571(44)	-0.04189(7)	+0.06181(8)	-0.09212(17)	+0.13804(25)	-0.20779(39)	+0.3153(6)	-0.4817(10)	+0.7393(13)	-1.1416(22)	+1.7690(37)	-2.7598(37)	+4.317(10)	-6.814(13)	+10.749(27)	-17.103(41)	+27.22(8)	-43.45(10)	+69.92(20)	-112.28(30)	+181.47(41)	-295.5(10)	+477.9(12)	-777.4(20)	+1.2754(35)x10^3	-2.087(7)x10^3	+3.447(15)x10^3	-5.704(17)x10^3	+9.406(40)x10^3	-1.553(5)x10^4	+2.573(10)x10^4	-4.303(16)x10^4	+7.182(32)x10^4	-1.2028(38)x10^5	+2.009(6)x10^5	-3.358(13)x10^5	+5.669(20)x10^5	-9.438(28)x10^5	+1.599(9)x10^6	-2.688(14)x10^6	+4.557(18)x10^6	-7.714(34)x10^6	+1.313(6)x10^7	-2.213(7)x10^7	+3.775(23)x10^7	-6.517(36)x10^7	+1.111(7)x10^8	-1.904(12)x10^8	+3.248(22)x10^8	-5.560(35)x10^8	+9.45(5)x10^8	-1.644(11)x10^9	+2.826(20)x10^9	-4.913(38)x10^9	+8.52(7)x10^9	-1.476(8)x10^10	+2.569(12)x10^10	-4.445(35)x10^10	+7.63(5)x10^10	-1.316(12)x10^11	+2.288(19)x10^11	-4.010(30)x10^11	+6.94(5)x10^11	-1.205(9)x10^12	+2.077(17)x10^12	-3.667(40)x10^12	+6.34(7)x10^12	-1.122(12)x10^13	+1.958(20)x10^13	-3.422(35)x10^13	+6.03(6)x10^13	-1.071(13)x10^14	+1.858(25)x10^14	-3.207(42)x10^14	+5.56(6)x10^14	-1.016(13)x10^15	+1.766(22)x10^15	-3.162(35)x10^15	+5.42(6)x10^15	-9.62(13)x10^15	+1.732(22)x10^16	-3.04(6)x10^16	+5.45(7)x10^16	-9.31(16)x10^16	+1.682(25)x10^17	-2.908(43)x10^17	+5.18(6)x10^17	-9.46(18)x10^17	+1.649(40)x10^18	-2.87(5)x10^18	+5.12(13)x10^18	-9.17(17)x10^18	+1.628(31)x10^19	-2.92(8)x10^19	+5.02(11)x10^19	-9.29(23)x10^19	+1.67(6)x10^20	-2.93(7)x10^20	+5.01(17)x10^20	-9.54(33)x10^20
17	1	1	+0.0495391176082	-4.71234(6)x10^-3	+1.590199(23)x10^-3	-7.74827(16)x10^-4	+4.72291(15)x10^-4	-3.35323(17)x10^-4	+2.66401(44)x10^-4	-2.30821(39)x10^-4	+2.14489(30)x10^-4	-2.11262(29)x10^-4	+2.18417(40)x10^-4	-2.35508(34)x10^-4	+2.6329(6)x10^-4	-3.0397(6)x10^-4	+3.6079(8)x10^-4	-4.3927(10)x10^-4	+5.4717(7)x10^-4	-6.9557(16)x10^-4	+9.0046(25)x10^-4	-1.18645(21)x10^-3	+1.58755(19)x10^-3	-2.15489(38)x10^-3	+2.9643(6)x10^-3	-4.1298(9)x10^-3	+5.8167(16)x10^-3	-8.2821(19)x10^-3	+0.0119036(31)	-0.0172845(36)	+0.025303(6)	-0.037336(11)	+0.055524(20)	-0.083173(24)	+0.125423(33)	-0.190471(42)	+0.29098(8)	-0.44741(13)	+0.69116(23)	-1.07306(37)	+1.6752(6)	-2.6294(8)	+4.1422(17)	-6.5521(31)	+10.417(5)	-16.622(8)	+26.618(12)	-42.766(20)	+69.036(36)	-111.75(5)	+181.69(10)	-295.96(14)	+483.27(18)	-792.39(35)	+1.3018(6)x10^3	-2.1440(14)x10^3	+3.5416(21)x10^3	-5.8667(38)x10^3	+9.738(8)x10^3	-1.6216(10)x10^4	+2.7051(20)x10^4	-4.5240(30)x10^4	+7.578(7)x10^4	-1.2725(14)x10^5	+2.1397(33)x10^5	-3.602(8)x10^5	+6.098(11)x10^5	-1.0281(29)x10^6	+1.7462(37)x10^6	-2.964(6)x10^6	+5.041(10)x10^6	-8.591(21)x10^6	+1.463(5)x10^7	-2.496(6)x10^7	+4.280(9)x10^7	-7.377(13)x10^7	+1.2583(27)x10^8	-2.1689(47)x10^8	+3.733(9)x10^8	-6.444(16)x10^8	+1.1091(30)x10^9	-1.911(6)x10^9	+3.326(10)x10^9	-5.743(18)x10^9	+9.966(35)x10^9	-1.730(5)x10^10	+3.012(10)x10^10	-5.274(16)x10^10	+9.111(37)x10^10	-1.588(6)x10^11	+2.785(12)x10^11	-4.833(16)x10^11	+8.463(30)x10^11	-1.479(7)x10^12	+2.611(8)x10^12	-4.594(15)x10^12	+8.091(26)x10^12	-1.407(6)x10^13	+2.477(7)x10^13	-4.332(21)x10^13	+7.666(22)x10^13	-1.353(6)x10^14	+2.374(10)x10^14	-4.213(25)x10^14	+7.487(40)x10^14	-1.319(7)x10^15	+2.323(13)x10^15	-4.123(23)x10^15	+7.253(26)x10^15	-1.292(7)x10^16	+2.309(12)x10^16	-4.089(18)x10^16	+7.279(25)x10^16	-1.292(7)x10^17	+2.301(12)x10^17	-4.086(30)x10^17	+7.308(45)x10^17	-1.312(11)x10^18	+2.327(21)x10^18	-4.190(35)x10^18	+7.431(47)x10^18	-1.342(10)x10^19	+2.408(18)x10^19	-4.283(31)x10^19	+7.56(7)x10^19	-1.375(15)x10^20	+2.419(19)x10^20	-4.347(46)x10^20
18	1	1	+0.0419830093403	-3.823002(32)x10^-3	+1.197261(25)x10^-3	-5.48249(12)x10^-4	+3.16193(8)x10^-4	-2.13543(7)x10^-4	+1.6213(7)x10^-4	-1.3481(6)x10^-4	+1.2061(5)x10^-4	-1.1464(7)x10^-4	+1.1490(5)x10^-4	-1.2029(7)x10^-4	+1.3082(6)x10^-4	-1.4721(9)x10^-4	+1.7075(11)x10^-4	-2.0319(15)x10^-4	+2.4803(14)x10^-4	-3.0935(15)x10^-4	+3.9370(24)x10^-4	-5.1025(42)x10^-4	+6.720(5)x10^-4	-8.981(7)x10^-4	+1.2184(8)x10^-3	-1.6765(8)x10^-3	+2.3326(14)x10^-3	-3.2802(29)x10^-3	+4.6659(36)x10^-3	-6.6990(49)x10^-3	+9.722(7)x10^-3	-0.014206(13)	+0.020979(21)	-0.031163(35)	+0.046714(39)	-0.07040(7)	+0.10668(11)	-0.16288(13)	+0.25056(20)	-0.38701(38)	+0.6007(6)	-0.9386(8)	+1.4721(15)	-2.3195(22)	+3.6720(40)	-5.842(8)	+9.316(10)	-14.915(16)	+23.939(21)	-38.702(36)	+62.59(6)	-101.97(15)	+166.07(19)	-272.17(41)	+445.70(43)	-731.1(9)	+1.2063(17)x10^3	-1.9992(20)x10^3	+3.318(6)x10^3	-5.514(8)x10^3	+9.183(16)x10^3	-1.5330(28)x10^4	+2.5680(42)x10^4	-4.309(6)x10^4	+7.226(8)x10^4	-1.2192(21)x10^5	+2.0595(35)x10^5	-3.4782(44)x10^5	+5.911(9)x10^5	-1.0023(20)x10^6	+1.7065(29)x10^6	-2.907(5)x10^6	+4.950(7)x10^6	-8.469(14)x10^6	+1.4516(27)x10^7	-2.486(6)x10^7	+4.285(8)x10^7	-7.355(13)x10^7	+1.2678(32)x10^8	-2.1935(38)x10^8	+3.781(7)x10^8	-6.522(18)x10^8	+1.1311(41)x10^9	-1.955(5)x10^9	+3.397(7)x10^9	-5.911(16)x10^9	+1.0310(26)x10^10	-1.7983(49)x10^10	+3.126(10)x10^10	-5.474(14)x10^10	+9.546(27)x10^10	-1.669(6)x10^11	+2.924(7)x10^11	-5.171(14)x10^11	+9.043(30)x10^11	-1.588(6)x10^12	+2.790(10)x10^12	-4.919(16)x10^12	+8.658(24)x10^12	-1.524(6)x10^13	+2.701(8)x10^13	-4.792(18)x10^13	+8.480(28)x10^13	-1.493(5)x10^14	+2.649(8)x10^14	-4.690(22)x10^14	+8.347(22)x10^14	-1.4787(46)x10^15	+2.639(7)x10^15	-4.718(22)x10^15	+8.328(36)x10^15	-1.484(6)x10^16	+2.655(10)x10^16	-4.751(25)x10^16	+8.467(33)x10^16	-1.500(7)x10^17	+2.688(15)x10^17	-4.787(19)x10^17	+8.573(47)x10^17	-1.525(8)x10^18	+2.743(18)x10^18	-4.902(19)x10^18	+8.806(42)x10^18	-1.572(6)x10^19	+2.855(14)x10^19	-5.107(31)x10^19	+9.202(40)x10^19	-1.669(14)x10^20
19	1	1	+0.0356131172157	-3.077615(38)x10^-3	+8.93024(15)x10^-4	-3.83261(5)x10^-4	+2.085807(32)x10^-4	-1.336620(33)x10^-4	+9.6722(10)x10^-5	-7.6977(9)x10^-5	+6.6176(10)x10^-5	-6.0687(8)x10^-5	+5.8748(8)x10^-5	-5.9599(9)x10^-5	+6.2992(9)x10^-5	-6.9002(8)x10^-5	+7.8052(10)x10^-5	-9.0821(14)x10^-5	+1.08486(16)x10^-4	-1.32601(15)x10^-4	+1.65534(21)x10^-4	-2.10691(35)x10^-4	+2.7297(5)x10^-4	-3.5948(7)x10^-4	+4.8052(8)x10^-4	-6.5127(11)x10^-4	+8.9420(14)x10^-4	-1.24279(24)x10^-3	+1.74734(31)x10^-3	-2.48191(41)x10^-3	+3.5606(5)x10^-3	-5.1551(10)x10^-3	+7.5290(13)x10^-3	-0.0110869(18)	+0.0164546(30)	-0.0245976(48)	+0.037031(9)	-0.056112(12)	+0.085588(18)	-0.131299(32)	+0.202570(46)	-0.31413(8)	+0.48989(14)	-0.76747(19)	+1.20800(33)	-1.90997(30)	+3.0333(7)	-4.8382(13)	+7.7478(18)	-12.4492(33)	+20.076(6)	-32.498(9)	+52.795(18)	-86.050(31)	+140.663(49)	-230.54(7)	+379.28(14)	-625.26(17)	+1.03382(40)x10^3	-1.7140(6)x10^3	+2.8494(10)x10^3	-4.7481(20)x10^3	+7.9305(36)x10^3	-1.3289(8)x10^4	+2.2314(30)x10^4	-3.7539(31)x10^4	+6.322(6)x10^4	-1.0685(11)x10^5	+1.8095(26)x10^5	-3.0625(35)x10^5	+5.211(6)x10^5	-8.859(10)x10^5	+1.5126(18)x10^6	-2.5806(38)x10^6	+4.413(5)x10^6	-7.563(9)x10^6	+1.2990(15)x10^7	-2.2319(31)x10^7	+3.8417(45)x10^7	-6.629(7)x10^7	+1.1450(12)x10^8	-1.9791(26)x10^8	+3.4271(41)x10^8	-5.939(6)x10^8	+1.0332(15)x10^9	-1.7923(19)x10^9	+3.1239(47)x10^9	-5.452(7)x10^9	+9.511(15)x10^9	-1.6626(27)x10^10	+2.9018(41)x10^10	-5.072(8)x10^10	+8.902(16)x10^10	-1.5616(23)x10^11	+2.7464(43)x10^11	-4.837(9)x10^11	+8.496(14)x10^11	-1.4978(27)x10^12	+2.638(6)x10^12	-4.657(7)x10^12	+8.231(16)x10^12	-1.4595(26)x10^13	+2.5819(46)x10^13	-4.586(8)x10^13	+8.113(16)x10^13	-1.4311(23)x10^14	+2.552(6)x10^14	-4.526(11)x10^14	+8.082(11)x10^14	-1.4419(34)x10^15	+2.559(6)x10^15	-4.581(9)x10^15	+8.162(14)x10^15	-1.4545(35)x10^16	+2.603(5)x10^16	-4.670(9)x10^16	+8.331(18)x10^16	-1.4952(34)x10^17	+2.671(7)x10^17	-4.795(15)x10^17	+8.594(30)x10^17	-1.552(5)x10^18	+2.790(10)x10^18	-5.028(23)x10^18	+8.997(36)x10^18	-1.619(5)x10^19	+2.915(9)x10^19	-5.263(23)x10^19
20	1	1	+0.0302358329037	-2.462133(23)x10^-3	+6.60874(8)x10^-4	-2.651791(49)x10^-4	+1.358653(17)x10^-4	-8.24416(17)x10^-5	+5.6769(13)x10^-5	-4.3207(9)x10^-5	+3.5625(7)x10^-5	-3.1444(6)x10^-5	+2.9395(6)x10^-5	-2.8866(6)x10^-5	+2.9604(6)x10^-5	-3.1543(7)x10^-5	+3.4762(7)x10^-5	-3.9501(9)x10^-5	+4.6110(12)x10^-5	-5.5188(14)x10^-5	+6.7555(15)x10^-5	-8.4356(15)x10^-5	+1.07326(19)x10^-4	-1.39030(26)x10^-4	+1.82951(46)x10^-4	-2.4425(7)x10^-4	+3.3080(10)x10^-4	-4.5358(15)x10^-4	+6.2941(17)x10^-4	-8.8321(26)x10^-4	+1.25253(41)x10^-3	-1.7925(7)x10^-3	+2.5910(9)x10^-3	-3.7769(13)x10^-3	+5.5529(21)x10^-3	-8.2223(24)x10^-3	+0.0122668(37)	-0.018430(5)	+0.027886(11)	-0.042431(16)	+0.064965(24)	-0.100071(45)	+0.15491(6)	-0.24106(10)	+0.37725(13)	-0.59244(22)	+0.93577(40)	-1.4837(7)	+2.3625(11)	-3.7776(18)	+6.0658(23)	-9.7658(40)	+15.778(7)	-25.611(12)	+41.682(21)	-68.109(37)	+111.50(6)	-183.12(8)	+301.80(15)	-498.70(25)	+826.27(45)	-1.3740(7)x10^3	+2.2860(16)x10^3	-3.8183(27)x10^3	+6.3945(39)x10^3	-1.0734(10)x10^4	+1.8025(13)x10^4	-3.0350(28)x10^4	+5.130(6)x10^4	-8.664(9)x10^4	+1.4684(15)x10^5	-2.4948(26)x10^5	+4.2477(46)x10^5	-7.245(7)x10^5	+1.2367(12)x10^6	-2.1173(19)x10^6	+3.6248(33)x10^6	-6.218(6)x10^6	+1.0691(13)x10^7	-1.8417(16)x10^7	+3.1750(28)x10^7	-5.479(7)x10^7	+9.473(12)x10^7	-1.6411(17)x10^8	+2.8470(31)x10^8	-4.944(8)x10^8	+8.578(10)x10^8	-1.4973(17)x10^9	+2.6038(33)x10^9	-4.5532(46)x10^9	+7.963(15)x10^9	-1.3954(20)x10^10	+2.4443(35)x10^10	-4.281(7)x10^10	+7.520(15)x10^10	-1.3229(26)x10^11	+2.3240(48)x10^11	-4.083(7)x10^11	+7.215(12)x10^11	-1.2754(22)x10^12	+2.2580(33)x10^12	-3.996(7)x10^12	+7.059(16)x10^12	-1.2513(21)x10^13	+2.2228(35)x10^13	-3.9301(48)x10^13	+6.974(12)x10^13	-1.2405(28)x10^14	+2.2109(43)x10^14	-3.938(7)x10^14	+7.015(11)x10^14	-1.2546(18)x10^15	+2.245(5)x10^15	-4.002(7)x10^15	+7.158(12)x10^15	-1.2800(26)x10^16	+2.2886(42)x10^16	-4.118(8)x10^16	+7.382(20)x10^16	-1.3250(31)x10^17	+2.3801(44)x10^17	-4.273(10)x10^17	+7.689(19)x10^17	-1.3834(39)x10^18	+2.490(8)x10^18	-4.498(13)x10^18	+8.119(34)x10^18	-1.467(7)x10^19
21	1	1	+0.025690841936	-1.95958(38)x10^-3	+4.8581(11)x10^-4	-1.8179(6)x10^-4	+8.7519(28)x10^-5	-5.0187(14)x10^-5	+3.2849(12)x10^-5	-2.3849(8)x10^-5	+1.8860(6)x10^-5	-1.60061(47)x10^-5	+1.4429(6)x10^-5	-1.3713(6)x10^-5	+1.3643(6)x10^-5	-1.4118(5)x10^-5	+1.5152(7)x10^-5	-1.6797(9)x10^-5	+1.9157(9)x10^-5	-2.2417(11)x10^-5	+2.6898(11)x10^-5	-3.2954(19)x10^-5	+4.1171(19)x10^-5	-5.2354(25)x10^-5	+6.7766(35)x10^-5	-8.9113(34)x10^-5	+1.1885(7)x10^-4	-1.6066(9)x10^-4	+2.1998(12)x10^-4	-3.0466(16)x10^-4	+4.2696(21)x10^-4	-6.0383(34)x10^-4	+8.622(5)x10^-4	-1.2436(6)x10^-3	+1.8074(10)x10^-3	-2.6507(14)x10^-3	+3.9200(20)x10^-3	-5.8374(36)x10^-3	+8.743(6)x10^-3	-0.013196(11)	+0.020038(14)	-0.030604(18)	+0.046984(26)	-0.072578(42)	+0.11276(7)	-0.17598(7)	+0.27602(15)	-0.43471(18)	+0.68773(41)	-1.0926(7)	+1.7417(14)	-2.7907(24)	+4.4900(40)	-7.243(5)	+11.724(9)	-19.048(15)	+31.045(32)	-50.75(6)	+83.27(8)	-136.85(10)	+226.10(19)	-373.84(36)	+620.7(6)	-1.0316(9)x10^3	+1.7203(14)x10^3	-2.8722(20)x10^3	+4.8107(38)x10^3	-8.081(6)x10^3	+1.3586(10)x10^4	-2.2921(25)x10^4	+3.8755(39)x10^4	-6.563(8)x10^4	+1.1131(10)x10^5	-1.8925(14)x10^5	+3.2216(31)x10^5	-5.4937(48)x10^5	+9.383(9)x10^5	-1.6062(18)x10^6	+2.7579(27)x10^6	-4.745(5)x10^6	+8.161(10)x10^6	-1.4055(19)x10^7	+2.4302(28)x10^7	-4.196(6)x10^7	+7.267(10)x10^7	-1.2586(15)x10^8	+2.1859(29)x10^8	-3.7966(44)x10^8	+6.618(6)x10^8	-1.1542(12)x10^9	+2.0142(33)x10^9	-3.518(6)x10^9	+6.167(8)x10^9	-1.0817(18)x10^10	+1.8946(25)x10^10	-3.3209(48)x10^10	+5.841(9)x10^10	-1.0273(15)x10^11	+1.8101(32)x10^11	-3.1898(36)x10^11	+5.637(6)x10^11	-9.951(15)x10^11	+1.7604(25)x10^12	-3.1206(41)x10^12	+5.540(6)x10^12	-9.801(10)x10^12	+1.7407(20)x10^13	-3.088(5)x10^13	+5.492(9)x10^13	-9.768(18)x10^13	+1.7433(38)x10^14	-3.109(5)x10^14	+5.544(10)x10^14	-9.919(11)x10^14	+1.7724(23)x10^15	-3.177(5)x10^15	+5.676(12)x10^15	-1.0178(21)x10^16	+1.8195(42)x10^16	-3.280(7)x10^16	+5.893(13)x10^16	-1.0595(19)x10^17	+1.902(5)x10^17	-3.427(9)x10^17	+6.184(15)x10^17	-1.1131(26)x10^18	+2.0067(45)x10^18	-3.620(12)x10^18
22	1	1	+0.0218449925919006992(18)	-1.55320(25)x10^-3	+3.5508(7)x10^-4	-1.23755(28)x10^-4	+5.5893(10)x10^-5	-3.0274(8)x10^-5	+1.8803(6)x10^-5	-1.30113(36)x10^-5	+9.8478(31)x10^-6	-8.0304(24)x10^-6	+6.9774(26)x10^-6	-6.4076(22)x10^-6	+6.1767(21)x10^-6	-6.2090(25)x10^-6	+6.4810(21)x10^-6	-7.0065(23)x10^-6	+7.8030(27)x10^-6	-8.9319(40)x10^-6	+1.0480(5)x10^-5	-1.2587(6)x10^-5	+1.5433(7)x10^-5	-1.9285(10)x10^-5	+2.4533(9)x10^-5	-3.1722(12)x10^-5	+4.1650(16)x10^-5	-5.5477(23)x10^-5	+7.4874(28)x10^-5	-1.02301(34)x10^-4	+1.4140(6)x10^-4	-1.9758(10)x10^-4	+2.7896(14)x10^-4	-3.9746(21)x10^-4	+5.7178(29)x10^-4	-8.2927(41)x10^-4	+1.2127(6)x10^-3	-1.7878(9)x10^-3	+2.6536(18)x10^-3	-3.9651(17)x10^-3	+5.9717(25)x10^-3	-9.0370(49)x10^-3	+0.013769(7)	-0.021105(12)	+0.032511(20)	-0.050350(17)	+0.078389(31)	-0.122560(41)	+0.19273(7)	-0.30422(15)	+0.48213(27)	-0.7675(6)	+1.2266(10)	-1.9652(20)	+3.1647(29)	-5.1143(42)	+8.285(5)	-13.477(7)	+21.992(11)	-35.964(23)	+59.070(38)	-97.27(7)	+160.66(12)	-265.90(17)	+441.53(24)	-734.72(45)	+1.2265(8)x10^3	-2.0484(13)x10^3	+3.4328(25)x10^3	-5.7672(46)x10^3	+9.712(8)x10^3	-1.6397(10)x10^4	+2.7691(19)x10^4	-4.6923(42)x10^4	+7.967(6)x10^4	-1.3532(11)x10^5	+2.3092(20)x10^5	-3.9391(39)x10^5	+6.743(8)x10^5	-1.1534(15)x10^6	+1.9795(15)x10^6	-3.4020(30)x10^6	+5.856(6)x10^6	-1.0096(11)x10^7	+1.7406(19)x10^7	-3.0098(26)x10^7	+5.2141(40)x10^7	-9.052(10)x10^7	+1.5735(15)x10^8	-2.7357(31)x10^8	+4.762(5)x10^8	-8.300(11)x10^8	+1.4510(19)x10^9	-2.5355(31)x10^9	+4.438(6)x10^9	-7.786(12)x10^9	+1.3648(21)x10^10	-2.3952(30)x10^10	+4.214(6)x10^10	-7.423(9)x10^10	+1.3086(14)x10^11	-2.3101(31)x10^11	+4.081(5)x10^11	-7.208(8)x10^11	+1.2737(17)x10^12	-2.2580(31)x10^12	+4.003(6)x10^12	-7.099(14)x10^12	+1.2621(18)x10^13	-2.2479(37)x10^13	+4.000(7)x10^13	-7.136(11)x10^13	+1.2718(20)x10^14	-2.2685(30)x10^14	+4.049(6)x10^14	-7.240(10)x10^14	+1.2967(18)x10^15	-2.3212(39)x10^15	+4.155(7)x10^15	-7.451(13)x10^15	+1.3384(25)x10^16	-2.4035(38)x10^16	+4.323(7)x10^16	-7.782(13)x10^16	+1.4006(30)x10^17	-2.517(6)x10^17	+4.535(8)x10^17	-8.184(20)x10^17
23	1	1	+0.0185873948608	-1.22617(18)x10^-3	+2.5813(6)x10^-4	-8.3672(22)x10^-5	+3.5395(11)x10^-5	-1.8073(6)x10^-5	+1.06420(33)x10^-5	-7.0163(16)x10^-6	+5.0804(13)x10^-6	-3.9780(7)x10^-6	+3.3313(11)x10^-6	-2.9556(9)x10^-6	+2.7591(9)x10^-6	-2.6942(8)x10^-6	+2.7371(8)x10^-6	-2.8792(8)x10^-6	+3.1300(10)x10^-6	-3.5021(13)x10^-6	+4.0209(10)x10^-6	-4.7306(16)x10^-6	+5.6872(26)x10^-6	-6.9761(31)x10^-6	+8.7158(22)x10^-6	-1.10803(46)x10^-5	+1.4315(6)x10^-5	-1.8777(10)x10^-5	+2.4972(9)x10^-5	-3.3648(13)x10^-5	+4.5885(16)x10^-5	-6.3260(30)x10^-5	+8.8194(42)x10^-5	-1.2422(7)x10^-4	+1.7655(9)x10^-4	-2.5324(12)x10^-4	+3.6637(13)x10^-4	-5.3424(25)x10^-4	+7.8547(45)x10^-4	-1.1630(7)x10^-3	+1.7326(10)x10^-3	-2.5997(18)x10^-3	+3.9241(24)x10^-3	-5.9623(26)x10^-3	+9.108(5)x10^-3	-0.013988(5)	+0.021604(12)	-0.033552(18)	+0.052312(28)	-0.081961(46)	+0.12894(7)	-0.20388(7)	+0.32354(17)	-0.51576(33)	+0.82531(43)	-1.3252(8)	+2.1354(8)	-3.4512(18)	+5.5993(35)	-9.115(8)	+14.875(12)	-24.347(19)	+39.959(29)	-65.83(5)	+108.71(9)	-180.03(18)	+298.94(34)	-497.89(46)	+830.4(8)	-1.3895(14)x10^3	+2.3278(26)x10^3	-3.9128(34)x10^3	+6.585(7)x10^3	-1.1116(12)x10^4	+1.8799(20)x10^4	-3.1848(27)x10^4	+5.4076(42)x10^4	-9.193(8)x10^4	+1.5661(13)x10^5	-2.6732(27)x10^5	+4.5601(48)x10^5	-7.818(6)x10^5	+1.3417(11)x10^6	-2.3084(22)x10^6	+3.9730(34)x10^6	-6.849(8)x10^6	+1.1835(11)x10^7	-2.0482(18)x10^7	+3.5440(32)x10^7	-6.142(5)x10^7	+1.0680(11)x10^8	-1.8575(19)x10^8	+3.2352(35)x10^8	-5.649(5)x10^8	+9.849(9)x10^8	-1.7235(20)x10^9	+3.0127(36)x10^9	-5.278(6)x10^9	+9.272(10)x10^9	-1.6270(17)x10^10	+2.8618(31)x10^10	-5.0392(47)x10^10	+8.881(9)x10^10	-1.5666(18)x10^11	+2.7638(25)x10^11	-4.891(5)x10^11	+8.654(13)x10^11	-1.5369(18)x10^12	+2.7194(28)x10^12	-4.831(5)x10^12	+8.573(11)x10^12	-1.5247(20)x10^13	+2.7157(40)x10^13	-4.830(9)x10^13	+8.618(11)x10^13	-1.5395(24)x10^14	+2.7502(40)x10^14	-4.923(6)x10^14	+8.798(12)x10^14	-1.5769(22)x10^15	+2.8217(43)x10^15	-5.065(8)x10^15	+9.081(12)x10^15	-1.6312(21)x10^16	+2.931(5)x10^16	-5.272(10)x10^16	+9.479(15)x10^16	-1.7113(27)x10^17
24	1	1	+0.015825476716	-9.6538(16)x10^-4	+1.86844(26)x10^-4	-5.6245(12)x10^-5	+2.22691(39)x10^-5	-1.07087(19)x10^-5	+5.9739(11)x10^-6	-3.7496(9)x10^-6	+2.5962(7)x10^-6	-1.9506(6)x10^-6	+1.57278(38)x10^-6	-1.34760(23)x10^-6	+1.21807(23)x10^-6	-1.15351(30)x10^-6	+1.13960(21)x10^-6	-1.16851(16)x10^-6	+1.23846(28)x10^-6	-1.35364(31)x10^-6	+1.52034(42)x10^-6	-1.7521(6)x10^-6	+2.0645(7)x10^-6	-2.4860(7)x10^-6	+3.0519(7)x10^-6	-3.8146(8)x10^-6	+4.8478(14)x10^-6	-6.2591(22)x10^-6	+8.1955(35)x10^-6	-1.08807(32)x10^-5	+1.4636(6)x10^-5	-1.9906(6)x10^-5	+2.7398(10)x10^-5	-3.8097(12)x10^-5	+5.3499(15)x10^-5	-7.5823(25)x10^-5	+1.08507(30)x10^-4	-1.5649(6)x10^-4	+2.2742(11)x10^-4	-3.3326(15)x10^-4	+4.9181(27)x10^-4	-7.3093(34)x10^-4	+1.0938(5)x10^-3	-1.6452(7)x10^-3	+2.4917(10)x10^-3	-3.7961(13)x10^-3	+5.8102(24)x10^-3	-8.9424(42)x10^-3	+0.013838(6)	-0.021514(10)	+0.033595(18)	-0.052731(22)	+0.083120(40)	-0.13150(9)	+0.20906(11)	-0.33347(20)	+0.53397(34)	-0.8577(6)	+1.3824(10)	-2.2373(15)	+3.6291(26)	-5.9070(37)	+9.656(6)	-15.823(11)	+25.984(16)	-42.811(19)	+70.722(27)	-117.20(5)	+194.70(11)	-324.08(19)	+540.84(32)	-903.8(7)	+1.5145(8)x10^3	-2.5431(13)x10^3	+4.2792(26)x10^3	-7.2186(48)x10^3	+1.2202(9)x10^4	-2.0679(12)x10^4	+3.5061(17)x10^4	-5.9632(36)x10^4	+1.0161(7)x10^5	-1.7339(12)x10^5	+2.9653(17)x10^5	-5.0769(37)x10^5	+8.713(7)x10^5	-1.4962(10)x10^6	+2.5710(16)x10^6	-4.4358(31)x10^6	+7.6549(49)x10^6	-1.3235(9)x10^7	+2.2905(19)x10^7	-3.9676(29)x10^7	+6.8968(48)x10^7	-1.1988(11)x10^8	+2.0857(18)x10^8	-3.6398(27)x10^8	+6.3492(36)x10^8	-1.1100(7)x10^9	+1.9420(16)x10^9	-3.4032(32)x10^9	+5.970(5)x10^9	-1.0471(8)x10^10	+1.8411(12)x10^10	-3.2403(26)x10^10	+5.7138(47)x10^10	-1.0084(8)x10^11	+1.7793(10)x10^11	-3.1448(20)x10^11	+5.5588(45)x10^11	-9.858(7)x10^11	+1.7472(19)x10^12	-3.0996(32)x10^12	+5.5108(41)x10^12	-9.794(9)x10^12	+1.7402(18)x10^13	-3.1033(28)x10^13	+5.529(6)x10^13	-9.863(10)x10^13	+1.7611(13)x10^14	-3.1481(23)x10^14	+5.632(5)x10^14	-1.0092(10)x10^15	+1.8078(18)x10^15	-3.2427(30)x10^15	+5.822(7)x10^15	-1.0456(15)x10^16	+1.8781(34)x10^16	-3.375(9)x10^16
25	1	1	+0.0134817922755	-7.57933(5)x10^-4	+1.347666(12)x10^-4	-3.762425(39)x10^-5	+1.392335(16)x10^-5	-6.30003(9)x10^-6	+3.32581(30)x10^-6	-1.98703(19)x10^-6	+1.31488(12)x10^-6	-9.4809(8)x10^-7	+7.3594(6)x10^-7	-6.0891(6)x10^-7	+5.32704(44)x10^-7	-4.8949(5)x10^-7	+4.70022(49)x10^-7	-4.69117(36)x10^-7	+4.85018(47)x10^-7	-5.1757(5)x10^-7	+5.6864(5)x10^-7	-6.4127(8)x10^-7	+7.4081(8)x10^-7	-8.7504(9)x10^-7	+1.05429(12)x10^-6	-1.29500(17)x10^-6	+1.61837(20)x10^-6	-2.05609(26)x10^-6	+2.65158(31)x10^-6	-3.46723(49)x10^-6	+4.5964(6)x10^-6	-6.1695(6)x10^-6	+8.3766(12)x10^-6	-1.14992(15)x10^-5	+1.59500(19)x10^-5	-2.23398(30)x10^-5	+3.15777(45)x10^-5	-4.5035(6)x10^-5	+6.4756(8)x10^-5	-9.3858(15)x10^-5	+1.37106(20)x10^-4	-2.01730(33)x10^-4	+2.98789(45)x10^-4	-4.4549(6)x10^-4	+6.6848(12)x10^-4	-1.00886(19)x10^-3	+1.53148(26)x10^-3	-2.33750(36)x10^-3	+3.5868(7)x10^-3	-5.5303(10)x10^-3	+8.5712(17)x10^-3	-0.0133479(27)	+0.0208734(44)	-0.032806(5)	+0.051752(10)	-0.081992(17)	+0.130372(26)	-0.208048(49)	+0.33332(8)	-0.53581(14)	+0.86428(22)	-1.39759(34)	+2.2686(6)	-3.6933(14)	+6.0361(42)	-9.885(7)	+16.235(9)	-26.740(12)	+44.165(24)	-73.072(34)	+121.35(7)	-201.97(9)	+336.80(20)	-563.17(30)	+943.4(5)	-1.5845(9)x10^3	+2.6659(14)x10^3	-4.4941(22)x10^3	+7.5902(47)x10^3	-1.2853(7)x10^4	+2.1792(14)x10^4	-3.7050(18)x10^4	+6.3079(26)x10^4	-1.0746(7)x10^5	+1.8349(9)x10^5	-3.1417(18)x10^5	+5.3853(36)x10^5	-9.246(7)x10^5	+1.5899(11)x10^6	-2.7399(20)x10^6	+4.7283(31)x10^6	-8.169(6)x10^6	+1.4116(15)x10^7	-2.4452(18)x10^7	+4.2485(46)x10^7	-7.380(8)x10^7	+1.2840(14)x10^8	-2.2382(22)x10^8	+3.9028(30)x10^8	-6.819(6)x10^8	+1.1930(9)x10^9	-2.0891(17)x10^9	+3.6585(28)x10^9	-6.4202(34)x10^9	+1.1274(9)x10^10	-1.9839(13)x10^10	+3.4903(20)x10^10	-6.1558(48)x10^10	+1.0865(8)x10^11	-1.9207(16)x10^11	+3.3929(30)x10^11	-6.003(5)x10^11	+1.0643(11)x10^12	-1.8873(19)x10^12	+3.3488(34)x10^12	-5.951(6)x10^12	+1.0585(12)x10^13	-1.8846(17)x10^13	+3.3581(32)x10^13	-5.9917(44)x10^13	+1.0696(10)x10^14	-1.9083(16)x10^14	+3.4132(38)x10^14	-6.104(7)x10^14	+1.0927(10)x10^15	-1.9588(22)x10^15	+3.5154(45)x10^15	-6.295(10)x10^15
26	1	1	+0.0114914252854	-5.9374(11)x10^-4	+9.6856(14)x10^-5	-2.5053(7)x10^-5	+8.6539(19)x10^-6	-3.6843(6)x10^-6	+1.84103(27)x10^-6	-1.04614(21)x10^-6	+6.6142(11)x10^-7	-4.5749(12)x10^-7	+3.4182(10)x10^-7	-2.7301(6)x10^-7	+2.3112(5)x10^-7	-2.05984(49)x10^-7	+1.92143(44)x10^-7	-1.86795(36)x10^-7	+1.88330(49)x10^-7	-1.96208(32)x10^-7	+2.10742(42)x10^-7	-2.3256(5)x10^-7	+2.6316(6)x10^-7	-3.0477(6)x10^-7	+3.6064(8)x10^-7	-4.3508(12)x10^-7	+5.3448(14)x10^-7	-6.6779(17)x10^-7	+8.4752(21)x10^-7	-1.09175(24)x10^-6	+1.42667(43)x10^-6	-1.8878(6)x10^-6	+2.5279(7)x10^-6	-3.4250(10)x10^-6	+4.6910(14)x10^-6	-6.4903(24)x10^-6	+9.0658(31)x10^-6	-1.27800(44)x10^-5	+1.8171(6)x10^-5	-2.6056(9)x10^-5	+3.7657(13)x10^-5	-5.4818(23)x10^-5	+8.0368(29)x10^-5	-1.18663(38)x10^-4	+1.7644(6)x10^-4	-2.6380(11)x10^-4	+3.9687(16)x10^-4	-6.0040(30)x10^-4	+9.1341(45)x10^-4	-1.3969(6)x10^-3	+2.1461(10)x10^-3	-3.3146(19)x10^-3	+5.1456(24)x10^-3	-8.0258(40)x10^-3	+0.012566(6)	-0.019746(8)	+0.031185(11)	-0.049417(21)	+0.078613(31)	-0.12558(6)	+0.20113(9)	-0.32338(19)	+0.52124(29)	-0.8437(5)	+1.3698(10)	-2.2297(16)	+3.6437(23)	-5.9624(40)	+9.798(7)	-16.129(9)	+26.633(15)	-44.109(25)	+73.154(47)	-121.65(8)	+202.80(15)	-338.92(22)	+567.87(37)	-952.7(7)	+1.6019(8)x10^3	-2.6986(17)x10^3	+4.5562(29)x10^3	-7.7114(42)x10^3	+1.3070(6)x10^4	-2.2186(10)x10^4	+3.7741(19)x10^4	-6.4314(43)x10^4	+1.0981(7)x10^5	-1.8793(10)x10^5	+3.2207(20)x10^5	-5.5248(36)x10^5	+9.485(6)x10^5	-1.6326(8)x10^6	+2.8136(16)x10^6	-4.8564(31)x10^6	+8.395(5)x10^6	-1.4535(10)x10^7	+2.5203(18)x10^7	-4.3760(27)x10^7	+7.6024(49)x10^7	-1.3234(7)x10^8	+2.3050(12)x10^8	-4.0219(14)x10^8	+7.0347(31)x10^8	-1.2305(8)x10^9	+2.1564(13)x10^9	-3.7802(24)x10^9	+6.6354(47)x10^9	-1.1652(6)x10^10	+2.0496(15)x10^10	-3.6080(24)x10^10	+6.363(5)x10^10	-1.1218(8)x10^11	+1.9832(14)x10^11	-3.5069(32)x10^11	+6.210(5)x10^11	-1.1004(9)x10^12	+1.9529(16)x10^12	-3.4667(34)x10^12	+6.162(6)x10^12	-1.0965(10)x10^13	+1.9525(16)x10^13	-3.4753(30)x10^13	+6.192(5)x10^13	-1.1053(14)x10^14	+1.9749(21)x10^14	-3.5303(46)x10^14	+6.318(8)x10^14	-1.1335(17)x10^15
27	1	1	+9.79986733414x10^-3	-4.6420(7)x10^-4	+6.9394(14)x10^-5	-1.66155(38)x10^-5	+5.3601(11)x10^-6	-2.14372(47)x10^-6	+1.01303(22)x10^-6	-5.4741(8)x10^-7	+3.3066(6)x10^-7	-2.19346(39)x10^-7	+1.57684(47)x10^-7	-1.21487(39)x10^-7	+9.9550(21)x10^-8	-8.6048(17)x10^-8	+7.8008(10)x10^-8	-7.3772(11)x10^-8	+7.2520(12)x10^-8	-7.3763(13)x10^-8	+7.7458(12)x10^-8	-8.3681(15)x10^-8	+9.2748(24)x10^-8	-1.05303(28)x10^-7	+1.22271(31)x10^-7	-1.44875(39)x10^-7	+1.74918(47)x10^-7	-2.1494(6)x10^-7	+2.6857(8)x10^-7	-3.4066(11)x10^-7	+4.3836(15)x10^-7	-5.7176(13)x10^-7	+7.5552(20)x10^-7	-1.01000(21)x10^-6	+1.36494(33)x10^-6	-1.8639(5)x10^-6	+2.5722(11)x10^-6	-3.5822(15)x10^-6	+5.0359(18)x10^-6	-7.1375(28)x10^-6	+1.02066(35)x10^-5	-1.47066(37)x10^-5	+2.13379(44)x10^-5	-3.1174(11)x10^-5	+4.5896(15)x10^-5	-6.7998(27)x10^-5	+1.01305(41)x10^-4	-1.51936(40)x10^-4	+2.2915(8)x10^-4	-3.4728(18)x10^-4	+5.2926(24)x10^-4	-8.1096(32)x10^-4	+1.24845(47)x10^-3	-1.9315(9)x10^-3	+2.9998(14)x10^-3	-4.6828(17)x10^-3	+7.3378(24)x10^-3	-0.0115364(47)	+0.018215(10)	-0.028888(11)	+0.045974(19)	-0.073433(24)	+0.11771(6)	-0.18911(9)	+0.30526(11)	-0.49405(20)	+0.80196(34)	-1.3053(6)	+2.1313(10)	-3.4873(12)	+5.7269(24)	-9.4231(44)	+15.551(10)	-25.723(8)	+42.638(16)	-70.870(24)	+118.05(6)	-197.24(8)	+330.12(17)	-553.35(33)	+929.9(5)	-1.5655(10)x10^3	+2.6407(12)x10^3	-4.4659(21)x10^3	+7.5629(32)x10^3	-1.2837(8)x10^4	+2.1821(14)x10^4	-3.7151(22)x10^4	+6.3400(37)x10^4	-1.0827(7)x10^5	+1.8532(11)x10^5	-3.1760(23)x10^5	+5.4552(48)x10^5	-9.383(6)x10^5	+1.6157(10)x10^6	-2.7857(18)x10^6	+4.8140(30)x10^6	-8.321(7)x10^6	+1.4411(9)x10^7	-2.5000(23)x10^7	+4.3405(39)x10^7	-7.547(6)x10^7	+1.3143(11)x10^8	-2.2903(19)x10^8	+3.9986(37)x10^8	-6.9916(43)x10^8	+1.2225(10)x10^9	-2.1396(16)x10^9	+3.7522(27)x10^9	-6.586(5)x10^9	+1.1579(9)x10^10	-2.0372(12)x10^10	+3.5918(30)x10^10	-6.331(6)x10^10	+1.1176(9)x10^11	-1.9741(16)x10^11	+3.4929(29)x10^11	-6.1823(49)x10^11	+1.0951(9)x10^12	-1.9417(12)x10^12	+3.4485(39)x10^12	-6.128(6)x10^12	+1.0900(11)x10^13	-1.9417(20)x10^13	+3.4609(26)x10^13	-6.166(5)x10^13	+1.0994(12)x10^14	-1.9637(24)x10^14
28	1	1	+8.36127702991x10^-3	-3.6222(6)x10^-4	+4.9577(9)x10^-5	-1.09756(14)x10^-5	+3.3028(8)x10^-6	-1.24134(27)x10^-6	+5.5455(8)x10^-7	-2.84975(38)x10^-7	+1.64391(24)x10^-7	-1.04571(15)x10^-7	+7.2341(11)x10^-8	-5.3814(5)x10^-8	+4.2635(7)x10^-8	-3.5733(6)x10^-8	+3.14706(44)x10^-8	-2.89760(49)x10^-8	+2.77656(38)x10^-8	-2.7574(6)x10^-8	+2.82781(46)x10^-8	-2.9882(5)x10^-8	+3.2441(7)x10^-8	-3.6109(7)x10^-8	+4.1131(8)x10^-8	-4.7854(9)x10^-8	+5.6776(10)x10^-8	-6.8616(12)x10^-8	+8.4306(16)x10^-8	-1.05277(17)x10^-7	+1.33488(21)x10^-7	-1.71537(25)x10^-7	+2.23361(45)x10^-7	-2.9461(6)x10^-7	+3.9296(7)x10^-7	-5.3001(11)x10^-7	+7.2237(20)x10^-7	-9.9410(19)x10^-7	+1.38165(34)x10^-6	-1.93672(42)x10^-6	+2.7369(6)x10^-6	-3.9018(8)x10^-6	+5.6049(11)x10^-6	-8.1060(21)x10^-6	+1.18123(25)x10^-5	-1.73226(37)x10^-5	+2.5566(8)x10^-5	-3.7983(11)x10^-5	+5.6747(16)x10^-5	-8.5254(31)x10^-5	+1.28901(41)x10^-4	-1.9582(6)x10^-4	+2.9892(11)x10^-4	-4.5867(16)x10^-4	+7.0712(27)x10^-4	-1.09495(48)x10^-3	+1.7030(7)x10^-3	-2.6580(10)x10^-3	+4.1680(16)x10^-3	-6.5579(20)x10^-3	+0.0103630(38)	-0.0164364(44)	+0.026155(14)	-0.041795(18)	+0.066986(30)	-0.10767(5)	+0.17371(9)	-0.28098(10)	+0.45601(18)	-0.74185(23)	+1.21077(46)	-1.9807(6)	+3.2507(14)	-5.3444(23)	+8.8167(29)	-14.577(7)	+24.156(10)	-40.117(16)	+66.764(28)	-111.306(48)	+186.14(6)	-311.84(14)	+523.58(25)	-880.75(29)	+1.4848(5)x10^3	-2.5077(14)x10^3	+4.2431(26)x10^3	-7.1950(43)x10^3	+1.2222(6)x10^4	-2.0787(9)x10^4	+3.5432(19)x10^4	-6.0484(36)x10^4	+1.0337(6)x10^5	-1.7701(9)x10^5	+3.0342(14)x10^5	-5.2179(20)x10^5	+8.9713(37)x10^5	-1.5451(8)x10^6	+2.6655(15)x10^6	-4.6082(29)x10^6	+7.974(5)x10^6	-1.3805(9)x10^7	+2.3943(10)x10^7	-4.1620(29)x10^7	+7.2348(42)x10^7	-1.2587(8)x10^8	+2.1965(10)x10^8	-3.8326(27)x10^8	+6.7005(34)x10^8	-1.1725(8)x10^9	+2.0528(12)x10^9	-3.6010(25)x10^9	+6.3196(47)x10^9	-1.1110(7)x10^10	+1.9559(15)x10^10	-3.4431(20)x10^10	+6.0696(37)x10^10	-1.0710(8)x10^11	+1.8915(15)x10^11	-3.3441(24)x10^11	+5.9180(45)x10^11	-1.0487(7)x10^12	+1.8598(12)x10^12	-3.3028(27)x10^12	+5.870(6)x10^12	-1.0435(12)x10^13	+1.8575(20)x10^13	-3.3059(37)x10^13
29	1	1	+7.13704661764x10^-3	-2.82193(38)x10^-4	+3.5344(5)x10^-5	-7.2319(14)x10^-6	+2.02841(30)x10^-6	-7.1613(9)x10^-7	+3.02419(38)x10^-7	-1.47668(22)x10^-7	+8.1344(13)x10^-8	-4.9617(6)x10^-8	+3.30309(44)x10^-8	-2.37053(27)x10^-8	+1.81754(24)x10^-8	-1.47701(19)x10^-8	+1.26401(15)x10^-8	-1.13244(20)x10^-8	+1.05737(15)x10^-8	-1.02452(17)x10^-8	+1.02706(16)x10^-8	-1.06155(15)x10^-8	+1.12867(15)x10^-8	-1.23157(22)x10^-8	+1.37613(24)x10^-8	-1.57172(30)x10^-8	+1.83263(36)x10^-8	-2.17685(35)x10^-8	+2.6316(5)x10^-8	-3.2345(6)x10^-8	+4.0384(8)x10^-8	-5.1145(12)x10^-8	+6.5657(16)x10^-8	-8.5377(21)x10^-8	+1.12376(23)x10^-7	-1.49590(28)x10^-7	+2.01313(49)x10^-7	-2.7375(7)x10^-7	+3.7580(10)x10^-7	-5.2072(15)x10^-7	+7.2795(20)x10^-7	-1.02586(32)x10^-6	+1.45750(38)x10^-6	-2.0865(5)x10^-6	+3.0099(7)x10^-6	-4.3706(11)x10^-6	+6.3908(16)x10^-6	-9.4041(33)x10^-6	+1.3925(5)x10^-5	-2.0739(6)x10^-5	+3.1049(9)x10^-5	-4.6752(14)x10^-5	+7.0781(19)x10^-5	-1.07675(28)x10^-4	+1.6460(5)x10^-4	-2.5286(8)x10^-4	+3.8989(13)x10^-4	-6.0441(21)x10^-4	+9.4080(33)x10^-4	-1.47020(47)x10^-3	+2.3068(8)x10^-3	-3.6305(10)x10^-3	+5.7395(16)x10^-3	-9.1061(24)x10^-3	+0.014495(5)	-0.023158(10)	+0.037129(13)	-0.059648(22)	+0.096183(33)	-0.15549(7)	+0.25225(12)	-0.41039(23)	+0.66936(30)	-1.0950(6)	+1.7948(8)	-2.9508(13)	+4.8628(25)	-8.0315(34)	+13.3006(49)	-22.071(8)	+36.731(14)	-61.249(23)	+102.305(34)	-171.26(7)	+287.34(10)	-482.84(21)	+813.08(39)	-1.3712(6)x10^3	+2.3190(10)x10^3	-3.9252(16)x10^3	+6.6561(23)x10^3	-1.13058(34)x10^4	+1.9246(8)x10^4	-3.2807(14)x10^4	+5.6052(23)x10^4	-9.5815(43)x10^4	+1.6414(9)x10^5	-2.8163(14)x10^5	+4.8376(21)x10^5	-8.3298(42)x10^5	+1.4352(7)x10^6	-2.4777(15)x10^6	+4.2818(31)x10^6	-7.406(5)x10^6	+1.2837(8)x10^7	-2.2269(11)x10^7	+3.8676(22)x10^7	-6.7276(33)x10^7	+1.1711(6)x10^8	-2.0400(15)x10^8	+3.5609(23)x10^8	-6.2218(46)x10^8	+1.0880(7)x10^9	-1.9062(10)x10^9	+3.3425(23)x10^9	-5.8699(43)x10^9	+1.0311(7)x10^10	-1.8150(11)x10^10	+3.1931(18)x10^10	-5.6322(43)x10^10	+9.9466(48)x10^10	-1.7569(12)x10^11	+3.1039(22)x10^11	-5.4916(44)x10^11	+9.735(9)x10^11	-1.7241(10)x10^12	+3.0606(21)x10^12	-5.4384(43)x10^12
30	1	1	+6.09461794837x10^-3	-2.195684(19)x10^-4	+2.514370(26)x10^-5	-4.75207(6)x10^-6	+1.241925(13)x10^-6	-4.116521(42)x10^-7	+1.64315(13)x10^-7	-7.6254(5)x10^-8	+4.01220(30)x10^-8	-2.34611(23)x10^-8	+1.50242(11)x10^-8	-1.04048(8)x10^-8	+7.7167(8)x10^-9	-6.0793(6)x10^-9	+5.0531(5)x10^-9	-4.40446(43)x10^-9	+4.00758(35)x10^-9	-3.78957(33)x10^-9	+3.71143(37)x10^-9	-3.75211(33)x10^-9	+3.9063(5)x10^-9	-4.17667(41)x10^-9	+4.5774(6)x10^-9	-5.1327(7)x10^-9	+5.8780(7)x10^-9	-6.8649(9)x10^-9	+8.1642(10)x10^-9	-9.8734(9)x10^-9	+1.21358(17)x10^-8	-1.51463(15)x10^-8	+1.91655(22)x10^-8	-2.45767(27)x10^-8	+3.19156(35)x10^-8	-4.1933(5)x10^-8	+5.5718(8)x10^-8	-7.4820(12)x10^-8	+1.01502(13)x10^-7	-1.39014(15)x10^-7	+1.92105(32)x10^-7	-2.67798(34)x10^-7	+3.76386(49)x10^-7	-5.3333(9)x10^-7	+7.6100(11)x10^-7	-1.09425(17)x10^-6	+1.58404(27)x10^-6	-2.30894(39)x10^-6	+3.3868(5)x10^-6	-4.9971(10)x10^-6	+7.4158(11)x10^-6	-1.10675(19)x10^-5	+1.66127(28)x10^-5	-2.50605(36)x10^-5	+3.7987(6)x10^-5	-5.7878(10)x10^-5	+8.8583(15)x10^-5	-1.36212(25)x10^-4	+2.10400(47)x10^-4	-3.2626(6)x10^-4	+5.0810(10)x10^-4	-7.9441(20)x10^-4	+1.24698(29)x10^-3	-1.96410(41)x10^-3	+3.1043(11)x10^-3	-4.9276(20)x10^-3	+7.8458(31)x10^-3	-0.0125284(45)	+0.020073(6)	-0.032269(8)	+0.052038(19)	-0.084113(35)	+0.13635(6)	-0.22162(8)	+0.36143(13)	-0.59074(24)	+0.96730(38)	-1.5883(5)	+2.6141(11)	-4.3150(20)	+7.1383(33)	-11.838(7)	+19.679(9)	-32.781(15)	+54.688(29)	-91.505(36)	+153.23(7)	-257.23(15)	+432.52(20)	-728.94(42)	+1.2310(9)x10^3	-2.0822(13)x10^3	+3.5281(20)x10^3	-5.9881(35)x10^3	+1.0180(7)x10^4	-1.7345(12)x10^4	+2.9567(19)x10^4	-5.0523(35)x10^4	+8.642(5)x10^4	-1.4812(9)x10^5	+2.5406(20)x10^5	-4.3635(31)x10^5	+7.512(5)x10^5	-1.2955(9)x10^6	+2.2366(18)x10^6	-3.8633(32)x10^6	+6.6868(46)x10^6	-1.1590(9)x10^7	+2.0108(15)x10^7	-3.4931(19)x10^7	+6.0742(36)x10^7	-1.0575(7)x10^8	+1.8433(10)x10^8	-3.2194(24)x10^8	+5.6224(33)x10^8	-9.833(6)x10^8	+1.7229(14)x10^9	-3.0184(16)x10^9	+5.2963(28)x10^9	-9.305(6)x10^9	+1.6368(10)x10^10	-2.8802(16)x10^10	+5.0810(40)x10^10	-8.961(7)x10^10	+1.5809(10)x10^11	-2.7947(18)x10^11	+4.9442(46)x10^11	-8.746(11)x10^11
35	1	1	+2.78278483574x10^-3	-6.16117(6)x10^-5	+4.462253(48)x10^-6	-5.628058(45)x10^-7	+1.028675(16)x10^-7	-2.482795(34)x10^-8	+7.4661(6)x10^-9	-2.68674(14)x10^-9	+1.12211(7)x10^-9	-5.3173(5)x10^-10	+2.80586(22)x10^-10	-1.62499(12)x10^-10	+1.02040(10)x10^-10	-6.8782(7)x10^-11	+4.93914(34)x10^-11	-3.75136(22)x10^-11	+2.99620(31)x10^-11	-2.50426(22)x10^-11	+2.18067(19)x10^-11	-1.97157(18)x10^-11	+1.84451(16)x10^-11	-1.78050(16)x10^-11	+1.76899(18)x10^-11	-1.80513(16)x10^-11	+1.88829(15)x10^-11	-2.02096(24)x10^-11	+2.20999(19)x10^-11	-2.46555(14)x10^-11	+2.80227(29)x10^-11	-3.24147(44)x10^-11	+3.81183(38)x10^-11	-4.5516(7)x10^-11	+5.5149(5)x10^-11	-6.7766(7)x10^-11	+8.4369(10)x10^-11	-1.06339(11)x10^-10	+1.35603(19)x10^-10	-1.74841(17)x10^-10	+2.27896(24)x10^-10	-3.00120(40)x10^-10	+3.9897(6)x10^-10	-5.3526(7)x10^-10	+7.2455(8)x10^-10	-9.8909(11)x10^-10	+1.36096(17)x10^-9	-1.88739(18)x10^-9	+2.63663(23)x10^-9	-3.7103(5)x10^-9	+5.2563(9)x10^-9	-7.4971(10)x10^-9	+1.07595(16)x10^-8	-1.55343(29)x10^-8	+2.25622(49)x10^-8	-3.2958(5)x10^-8	+4.8414(9)x10^-8	-7.1461(14)x10^-8	+1.06070(17)x10^-7	-1.58153(32)x10^-7	+2.37041(34)x10^-7	-3.5683(5)x10^-7	+5.3953(9)x10^-7	-8.1952(15)x10^-7
40	1	1	+1.280290773672160043(40)x10^-3	-1.696820(13)x10^-5	+7.68158(10)x10^-7	-6.41812(6)x10^-8	+8.17546(7)x10^-9	-1.435277(11)x10^-9	+3.25326(32)x10^-10	-9.0823(10)x10^-11	+3.01450(38)x10^-11	-1.15779(15)x10^-11	+5.03588(31)x10^-12	-2.43785(20)x10^-12	+1.29549(13)x10^-12	-7.4718(9)x10^-13	+4.63256(41)x10^-13	-3.06366(29)x10^-13	+2.14646(16)x10^-13	-1.58380(16)x10^-13	+1.22525(11)x10^-13	-9.8951(12)x10^-14	+8.3083(8)x10^-14	-7.2329(9)x10^-14	+6.5069(7)x10^-14	-6.0377(6)x10^-14	+5.7613(7)x10^-14	-5.6456(6)x10^-14	+5.6693(6)x10^-14	-5.8232(9)x10^-14	+6.1112(6)x10^-14	-6.5443(6)x10^-14	+7.1405(9)x10^-14	-7.9320(11)x10^-14	+8.9578(12)x10^-14	-1.02787(20)x10^-13	+1.19724(19)x10^-13	-1.41450(20)x10^-13	+1.69345(20)x10^-13	-2.05397(31)x10^-13	+2.52113(32)x10^-13	-3.13087(49)x10^-13	+3.9309(6)x10^-13	-4.9881(9)x10^-13	+6.3951(10)x10^-13	-8.2768(14)x10^-13	+1.08108(15)x10^-12	-1.42465(18)x10^-12	+1.89275(24)x10^-12	-2.53633(34)x10^-12	+3.4254(6)x10^-12	-4.6608(8)x10^-12	+6.3878(9)x10^-12	-8.8169(17)x10^-12	+1.22468(22)x10^-11	-1.71289(34)x10^-11	+2.41029(43)x10^-11	-3.4116(7)x10^-11	+4.8601(6)x10^-11	-6.9610(14)x10^-11	+1.00205(19)x10^-10	-1.45065(39)x10^-10	+2.1101(6)x10^-10	-3.0857(8)x10^-10
45	1	1	+5.92559451009x10^-4	-4.618352(46)x10^-6	+1.297053(14)x10^-7	-7.153599(47)x10^-9	+6.346541(42)x10^-10	-8.11252(5)x10^-11	+1.38774(11)x10^-11	-3.00993(27)x10^-12	+7.9467(6)x10^-13	-2.47561(15)x10^-13	+8.8792(5)x10^-14	-3.59364(20)x10^-14	+1.61630(15)x10^-14	-7.97162(49)x10^-15	+4.26763(27)x10^-15	-2.45617(17)x10^-15	+1.50874(14)x10^-15	-9.8293(6)x10^-16	+6.7528(5)x10^-16	-4.86901(32)x10^-16	+3.66887(33)x10^-16	-2.87874(29)x10^-16	+2.34480(20)x10^-16	-1.97642(18)x10^-16	+1.72014(16)x10^-16	-1.54200(14)x10^-16	+1.42104(11)x10^-16	-1.34362(15)x10^-16	+1.30137(11)x10^-16	-1.28923(8)x10^-16	+1.30459(17)x10^-16	-1.34708(8)x10^-16	+1.41700(11)x10^-16	-1.51772(18)x10^-16	+1.65292(16)x10^-16	-1.82930(14)x10^-16	+2.05533(19)x10^-16	-2.34197(21)x10^-16	+2.70661(23)x10^-16	-3.16890(32)x10^-16	+3.75540(43)x10^-16	-4.50510(43)x10^-16	+5.4652(6)x10^-16	-6.7025(7)x10^-16	+8.3037(9)x10^-16	-1.03934(10)x10^-15	+1.31314(13)x10^-15	-1.67464(15)x10^-15	+2.15422(30)x10^-15	-2.79467(30)x10^-15	+3.65617(39)x10^-15	-4.8192(5)x10^-15	+6.4010(6)x10^-15	-8.5652(11)x10^-15	+1.15418(12)x10^-14	-1.56612(20)x10^-14	+2.13858(29)x10^-14	-2.93900(36)x10^-14	+4.06475(41)x10^-14	-5.6527(6)x10^-14	+7.9073(11)x10^-14	-1.11221(21)x10^-13
50	1	1	+2.75583022139338985(8)x10^-4	-1.247180(11)x10^-6	+2.162451(14)x10^-8	-7.862152(47)x10^-10	+4.861877(26)x10^-11	-4.531747(28)x10^-12	+5.85887(48)x10^-13	-9.8829(7)x10^-14	+2.07740(14)x10^-14	-5.25263(36)x10^-15	+1.55366(8)x10^-15	-5.26049(41)x10^-16	+2.00247(7)x10^-16	-8.44886(45)x10^-17	+3.90401(28)x10^-17	-1.95577(8)x10^-17	+1.05355(6)x10^-17	-6.05741(34)x10^-18	+3.69455(18)x10^-18	-2.37809(12)x10^-18	+1.60772(11)x10^-18	-1.13665(5)x10^-18	+8.37885(35)x10^-19	-6.41623(20)x10^-19	+5.09091(31)x10^-19	-4.17503(18)x10^-19	+3.53047(19)x10^-19	-3.07125(20)x10^-19	+2.74514(16)x10^-19	-2.51590(16)x10^-19	+2.36095(11)x10^-19	-2.26501(13)x10^-19	+2.21921(13)x10^-19	-2.21756(15)x10^-19	+2.25773(16)x10^-19	-2.33987(16)x10^-19	+2.46609(19)x10^-19	-2.64115(18)x10^-19	+2.87151(24)x10^-19	-3.16826(27)x10^-19	+3.54375(29)x10^-19	-4.01686(31)x10^-19	+4.61120(29)x10^-19	-5.35638(29)x10^-19	+6.2952(5)x10^-19	-7.48139(49)x10^-19	+8.9834(7)x10^-19	-1.08997(11)x10^-18	+1.33526(12)x10^-18	-1.65151(17)x10^-18	+2.06122(19)x10^-18	-2.59491(18)x10^-18	+3.29404(34)x10^-18	-4.21560(30)x10^-18	+5.43872(46)x10^-18	-7.0685(7)x10^-18	+9.2551(8)x10^-18	-1.22017(9)x10^-17	+1.61997(18)x10^-17	-2.16540(18)x10^-17	+2.91237(32)x10^-17	-3.94012(40)x10^-17
60	1	1	+6.02853042375604975(25)x10^-5	-8.96719(9)x10^-8	+5.877693(47)x10^-10	-9.28810(6)x10^-12	+2.801500(13)x10^-13	-1.394460(6)x10^-14	+1.03327(5)x10^-15	-1.057085(48)x10^-16	+1.410562(47)x10^-17	-2.35159(6)x10^-18	+4.73628(17)x10^-19	-1.122241(37)x10^-19	+3.06200(9)x10^-20	-9.45410(33)x10^-21	+3.25627(9)x10^-21	-1.235940(41)x10^-21	+5.11812(13)x10^-22	-2.29230(7)x10^-22	+1.102054(31)x10^-22	-5.65208(14)x10^-23	+3.07496(8)x10^-23	-1.76586(7)x10^-23	+1.065860(30)x10^-23	-6.73536(19)x10^-24	+4.44168(16)x10^-24	-3.04728(7)x10^-24	+2.16884(7)x10^-24	-1.597654(34)x10^-24	+1.215430(36)x10^-24	-9.52899(29)x10^-25	+7.68560(26)x10^-25	-6.36599(23)x10^-25	+5.40751(17)x10^-25	-4.70366(14)x10^-25	+4.18436(10)x10^-25	-3.80261(10)x10^-25	+3.52599(16)x10^-25	-3.33320(13)x10^-25	+3.20871(17)x10^-25	-3.14295(11)x10^-25	+3.13042(14)x10^-25	-3.16737(17)x10^-25	+3.25397(15)x10^-25	-3.39106(12)x10^-25	+3.58361(11)x10^-25	-3.83765(16)x10^-25	+4.16229(25)x10^-25	-4.57022(25)x10^-25	+5.07693(15)x10^-25	-5.70470(17)x10^-25	+6.47964(26)x10^-25	-7.43784(33)x10^-25	+8.62321(39)x10^-25	-1.009476(46)x10^-24	+1.193042(40)x10^-24	-1.42291(7)x10^-24	+1.71172(9)x10^-24	-2.07696(12)x10^-24	+2.54069(14)x10^-24	-3.13240(13)x10^-24	+3.89222(23)x10^-24	-4.87205(39)x10^-24
70	1	1	+1.33405528002782980(6)x10^-5	-6.37955(7)x10^-9	+1.573266(13)x10^-11	-1.0838547(43)x10^-13	+1.602454(5)x10^-15	-4.276642(15)x10^-17	+1.82151(7)x10^-18	-1.131876(29)x10^-19	+9.59942(21)x10^-21	-1.056099(26)x10^-21	+1.449168(32)x10^-22	-2.40421(5)x10^-23	+4.70288(6)x10^-24	-1.062876(27)x10^-24	+2.729014(38)x10^-25	-7.84876(14)x10^-26	+2.498817(46)x10^-26	-8.71857(13)x10^-27	+3.30433(5)x10^-27	-1.350501(24)x10^-27	+5.91270(8)x10^-28	-2.757409(29)x10^-28	+1.362813(29)x10^-28	-7.10654(16)x10^-29	+3.894490(48)x10^-29	-2.235098(48)x10^-29	+1.339053(27)x10^-29	-8.35077(13)x10^-30	+5.40670(13)x10^-30	-3.625892(44)x10^-30	+2.513483(39)x10^-30	-1.797353(26)x10^-30	+1.323680(23)x10^-30	-1.002119(27)x10^-30	+7.78888(16)x10^-31	-6.20567(10)x10^-31	+5.06243(12)x10^-31	-4.22326(8)x10^-31	+3.59911(10)x10^-31	-3.13006(7)x10^-31	+2.77536(5)x10^-31	-2.50663(7)x10^-31	+2.30421(6)x10^-31	-2.15441(5)x10^-31	+2.047006(38)x10^-31	-1.975448(48)x10^-31	+1.934774(37)x10^-31	-1.92223(6)x10^-31	+1.93605(5)x10^-31	-1.97607(5)x10^-31	+2.042403(48)x10^-31	-2.13711(5)x10^-31	+2.26260(7)x10^-31	-2.42295(6)x10^-31	+2.62290(7)x10^-31	-2.86986(7)x10^-31	+3.17221(7)x10^-31	-3.54119(11)x10^-31	+3.99094(10)x10^-31	-4.53966(12)x10^-31	+5.21054(11)x10^-31	-6.03218(21)x10^-31
80	1	1	+2.97775817539853005(8)x10^-6	-4.51561(6)x10^-10	+4.185421(34)x10^-13	-1.2616649(46)x10^-15	+9.175860(23)x10^-18	-1.3160031(37)x10^-19	+3.22598(6)x10^-21	-1.218761(23)x10^-22	+6.57261(8)x10^-24	-4.77385(8)x10^-25	+4.464129(44)x10^-26	-5.186257(44)x10^-27	+7.27473(5)x10^-28	-1.203596(12)x10^-28	+2.303958(23)x10^-29	-5.02133(5)x10^-30	+1.229205(7)x10^-30	-3.340913(30)x10^-31	+9.98283(6)x10^-32	-3.251177(32)x10^-32	+1.145510(13)x10^-32	-4.338158(42)x10^-33	+1.755696(14)x10^-33	-7.55452(7)x10^-34	+3.440651(39)x10^-34	-1.651865(15)x10^-34	+8.33009(7)x10^-35	-4.39765(6)x10^-35	+2.423428(25)x10^-35	-1.390281(16)x10^-35	+8.28290(8)x10^-36	-5.11353(5)x10^-36	+3.264564(30)x10^-36	-2.151156(28)x10^-36	+1.460644(21)x10^-36	-1.020369(9)x10^-36	+7.32244(8)x10^-37	-5.39131(5)x10^-37	+4.06703(6)x10^-37	-3.140217(23)x10^-37	+2.478738(25)x10^-37	-1.998317(32)x10^-37	+1.643883(13)x10^-37	-1.378722(12)x10^-37	+1.177805(16)x10^-37	-1.024179(7)x10^-37	+9.05847(11)x10^-38	-8.14342(13)x10^-38	+7.43678(10)x10^-38	-6.89420(10)x10^-38	+6.48471(10)x10^-38	-6.18509(9)x10^-38	+5.97943(11)x10^-38	-5.85598(8)x10^-38	+5.80744(8)x10^-38	-5.82934(6)x10^-38	+5.91996(7)x10^-38	-6.08044(9)x10^-38	+6.31321(11)x10^-38	-6.62520(12)x10^-38	+7.02434(11)x10^-38	-7.52107(14)x10^-38
90	1	1	+6.69155172876x10^-7	-3.189080(31)x10^-11	+1.111691(6)x10^-14	-1.470846(6)x10^-17	+5.273704(12)x10^-20	-4.069444(7)x10^-22	+5.74491(7)x10^-24	-1.320086(14)x10^-25	+4.528012(34)x10^-27	-2.171586(17)x10^-28	+1.383990(12)x10^-29	-1.126132(9)x10^-30	+1.132742(6)x10^-31	-1.371960(7)x10^-32	+1.958177(9)x10^-33	-3.234078(28)x10^-34	+6.087508(35)x10^-35	-1.288995(6)x10^-35	+3.036312(17)x10^-36	-7.880358(36)x10^-37	+2.234526(14)x10^-37	-6.872162(32)x10^-38	+2.277444(13)x10^-38	-8.086597(44)x10^-39	+3.060713(14)x10^-39	-1.229297(6)x10^-39	+5.217862(26)x10^-40	-2.331969(13)x10^-40	+1.093747(8)x10^-40	-5.367475(34)x10^-41	+2.748401(16)x10^-41	-1.464776(9)x10^-41	+8.10686(6)x10^-42	-4.649508(32)x10^-42	+2.758193(19)x10^-42	-1.689290(11)x10^-42	+1.066481(6)x10^-42	-6.929575(32)x10^-43	+4.627640(34)x10^-43	-3.172019(22)x10^-43	+2.229102(11)x10^-43	-1.604120(6)x10^-43	+1.180858(9)x10^-43	-8.883591(48)x10^-44	+6.823453(48)x10^-44	-5.346640(32)x10^-44	+4.270205(22)x10^-44	-3.473588(21)x10^-44	+2.875914(19)x10^-44	-2.421791(14)x10^-44	+2.072855(13)x10^-44	-1.802349(8)x10^-44	+1.590999(9)x10^-44	-1.425103(10)x10^-44	+1.294594(10)x10^-44	-1.192178(6)x10^-44	+1.112330(10)x10^-44	-1.051117(12)x10^-44	+1.005566(6)x10^-44	-9.73485(9)x10^-45	+9.53334(9)x10^-45	-9.44062(12)x10^-45
100	1	1	+1.51183536514x10^-7	-2.250812(19)x10^-12	+2.954748(18)x10^-16	-1.7197732(38)x10^-19	+3.0438610(35)x10^-22	-1.2645036(11)x10^-24	+1.028389(9)x10^-26	-1.437464(11)x10^-28	+3.136547(14)x10^-30	-9.932783(43)x10^-32	+4.314808(18)x10^-33	-2.458960(7)x10^-34	+1.773697(9)x10^-35	-1.572827(8)x10^-36	+1.673744(5)x10^-37	-2.094874(8)x10^-38	+3.031961(12)x10^-39	-5.001596(17)x10^-40	+9.288112(27)x10^-41	-1.921001(6)x10^-41	+4.383857(12)x10^-42	-1.0948699(37)x10^-42	+2.971201(8)x10^-43	-8.705493(25)x10^-44	+2.738333(8)x10^-44	-9.200662(29)x10^-45	+3.287141(11)x10^-45	-1.2436875(46)x10^-45	+4.964741(15)x10^-46	-2.084092(8)x10^-46	+9.171951(39)x10^-47	-4.220075(10)x10^-47	+2.024792(9)x10^-47	-1.0107623(43)x10^-47	+5.238303(16)x10^-48	-2.812850(18)x10^-48	+1.5622014(32)x10^-48	-8.958173(29)x10^-49	+5.295704(19)x10^-49	-3.222698(7)x10^-49	+2.016160(7)x10^-49	-1.2950655(41)x10^-49	+8.531242(13)x10^-50	-5.757096(22)x10^-50	+3.975882(13)x10^-50	-2.807215(8)x10^-50	+2.0246031(42)x10^-50	-1.490245(5)x10^-50	+1.1186183(30)x10^-50	-8.556280(26)x10^-51	+6.664341(37)x10^-51	-5.282243(8)x10^-51	+4.257712(11)x10^-51	-3.488046(9)x10^-51	+2.902534(18)x10^-51	-2.452115(9)x10^-51	+2.102060(11)x10^-51	-1.8276093(44)x10^-51	+1.6108134(46)x10^-51	-1.438607(7)x10^-51	+1.301357(5)x10^-51	-1.191883(6)x10^-51
