# Sixth, seventh and eighth virial coefficient of the Lennard-Jones model
# Andrew J. Schultz and David Kofke
# Molecular Physics Vol 107 No. 21 2009 2309-2318
# T      B6         e(B6)     B7      e(B7)   B8     e(B8)
0.625   -1.74e6     2e4     -8.1e7    4e6
0.675   -4.66e5     4e3
0.75    -8.25e4     12e2    -2.02e6   8e4     -8e7    2e7
0.825   -1.675e4    60
0.928   -2.22e3     50
1       -5.8e2      20      -5.7e3    4e2
1.1     -97         5
1.15    -33         3
1.2     -15.3       9       -67       17
1.25    -8.2        0.3
1.3     -5.94       0.15    3         6
1.4     -5.43       0.12    0         3
1.5     -4.45       0.13    1.0       1.1
1.55    -3.80       0.09
1.6     -3.11       0.10    3.3       0.8
1.7     -2.06       0.09
1.8     na          na      4.2       0.4
1.85    -0.35       0.07
2        0.63       0.07    4.97      0.19
2.2      1.41       0.05
2.5      1.90       0.03    3.06      0.09      -0.2    14
2.7      1.91       0.03
3        1.85       0.03
3.5      1.604      0.018   1.10      0.02
5        0.982      0.03    0.386     0.03      -0.16   0.06
7        0.603      0.004   0.1639    0.0016
8        0.497      0.003
9        0.420      0.002
10       0.361      0.002   0.0697    0.0005    -0.036  0.003
12       0.2780     0.0013
15       0.2021     0.0013
20       0.1350     0.0008
